0 0 -1.535501535502348e-02 
0 1 4.211122211122209e-01 
0 2 4.211122211122209e-01 
0 3 4.211122211122209e-01 
0 4 4.211122211122209e-01 
0 5 4.211122211122205e-01 
0 6 4.211122211122209e-01 
0 7 4.211122211122214e-01 
0 8 4.211122211122218e-01 
0 9 4.211122211122214e-01 
0 10 4.211122211122218e-01 
0 11 -2.034666441386082e-01 
0 12 -4.378031971312330e-01 
0 13 -4.378031971312328e-01 
0 14 -2.034666441386082e-01 
0 15 -2.507936507936508e-01 
0 16 -2.507936507936508e-01 
0 17 -2.507936507936508e-01 
0 18 -2.507936507936508e-01 
0 19 -2.034666441386082e-01 
0 20 -4.378031971312330e-01 
0 21 -4.378031971312328e-01 
0 22 -2.034666441386082e-01 
0 23 -2.507936507936508e-01 
0 24 -2.507936507936508e-01 
0 25 -2.507936507936508e-01 
0 26 -2.507936507936508e-01 
0 27 -2.507936507936508e-01 
0 28 -2.507936507936508e-01 
0 29 -2.507936507936508e-01 
0 30 -2.507936507936508e-01 
0 31 -2.034666441386082e-01 
0 32 -4.378031971312330e-01 
0 33 -4.378031971312328e-01 
0 34 -2.034666441386082e-01 
0 35 -2.507936507936508e-01 
0 36 -2.507936507936508e-01 
0 37 -2.507936507936508e-01 
0 38 -2.507936507936508e-01 
0 39 -2.507936507936507e-01 
0 40 -2.507936507936508e-01 
0 41 -2.507936507936508e-01 
0 42 -2.507936507936508e-01 
0 43 -2.507936507936508e-01 
0 44 -2.507936507936508e-01 
0 45 -2.507936507936508e-01 
0 46 -2.507936507936508e-01 
0 47 -2.034666441386082e-01 
0 48 -4.378031971312330e-01 
0 49 -4.378031971312328e-01 
0 50 -2.034666441386082e-01 
0 51 -2.507936507936508e-01 
0 52 -2.507936507936508e-01 
0 53 -2.507936507936508e-01 
0 54 -2.507936507936508e-01 
0 55 -2.507936507936508e-01 
0 56 -2.507936507936508e-01 
0 57 -2.507936507936508e-01 
0 58 -2.507936507936508e-01 
0 59 -2.507936507936508e-01 
0 60 -2.507936507936508e-01 
0 61 -2.507936507936508e-01 
0 62 -2.507936507936508e-01 
0 63 -2.507936507936508e-01 
0 64 -2.507936507936508e-01 
0 65 -2.507936507936508e-01 
0 66 -2.507936507936508e-01 
0 67 -2.034666441386082e-01 
0 68 -4.378031971312331e-01 
0 69 -4.378031971312329e-01 
0 70 -2.034666441386082e-01 
0 71 2.260592004605378e-02 
0 72 5.837434491839645e-02 
0 73 8.550790076830263e-02 
0 74 1.001785009339138e-01 
0 75 1.001785009339138e-01 
0 76 8.550790076830266e-02 
0 77 5.837434491839645e-02 
0 78 2.260592004605384e-02 
0 79 2.966078016034165e-02 
0 80 6.557731507775358e-02 
0 81 6.557731507775355e-02 
0 82 2.966078016034165e-02 
0 83 2.966078016034165e-02 
0 84 6.557731507775359e-02 
0 85 6.557731507775356e-02 
0 86 2.966078016034166e-02 
0 87 2.966078016034165e-02 
0 88 2.966078016034165e-02 
0 89 6.557731507775358e-02 
0 90 6.557731507775355e-02 
0 91 2.966078016034165e-02 
0 92 6.557731507775359e-02 
0 93 6.557731507775356e-02 
0 94 2.966078016034166e-02 
0 95 2.260592004605378e-02 
0 96 5.837434491839645e-02 
0 97 8.550790076830263e-02 
0 98 1.001785009339138e-01 
0 99 1.001785009339138e-01 
0 100 8.550790076830266e-02 
0 101 5.837434491839645e-02 
0 102 2.260592004605384e-02 
0 103 2.966078016034165e-02 
0 104 6.557731507775358e-02 
0 105 6.557731507775355e-02 
0 106 2.966078016034165e-02 
0 107 2.966078016034165e-02 
0 108 6.557731507775359e-02 
0 109 6.557731507775356e-02 
0 110 2.966078016034166e-02 
0 111 3.703703703703703e-02 
0 112 3.703703703703703e-02 
0 113 3.703703703703703e-02 
0 114 3.703703703703704e-02 
0 115 3.703703703703704e-02 
0 116 3.703703703703704e-02 
0 117 3.703703703703704e-02 
0 118 3.703703703703705e-02 
0 119 2.966078016034165e-02 
0 120 6.557731507775358e-02 
0 121 6.557731507775355e-02 
0 122 2.966078016034165e-02 
0 123 2.966078016034165e-02 
0 124 6.557731507775359e-02 
0 125 6.557731507775356e-02 
0 126 2.966078016034166e-02 
0 127 2.966078016034165e-02 
0 128 2.966078016034165e-02 
0 129 6.557731507775358e-02 
0 130 6.557731507775355e-02 
0 131 2.966078016034165e-02 
0 132 6.557731507775359e-02 
0 133 6.557731507775356e-02 
0 134 2.966078016034166e-02 
0 135 2.966078016034165e-02 
0 136 2.966078016034165e-02 
0 137 6.557731507775358e-02 
0 138 6.557731507775355e-02 
0 139 2.966078016034165e-02 
0 140 6.557731507775359e-02 
0 141 6.557731507775356e-02 
0 142 2.966078016034166e-02 
0 143 2.260592004605378e-02 
0 144 5.837434491839645e-02 
0 145 8.550790076830263e-02 
0 146 1.001785009339138e-01 
0 147 1.001785009339138e-01 
0 148 8.550790076830266e-02 
0 149 5.837434491839645e-02 
0 150 2.260592004605384e-02 
0 151 2.966078016034165e-02 
0 152 6.557731507775358e-02 
0 153 6.557731507775355e-02 
0 154 2.966078016034165e-02 
0 155 2.966078016034165e-02 
0 156 6.557731507775359e-02 
0 157 6.557731507775356e-02 
0 158 2.966078016034166e-02 
0 159 3.703703703703703e-02 
0 160 3.703703703703703e-02 
0 161 3.703703703703703e-02 
0 162 3.703703703703704e-02 
0 163 3.703703703703704e-02 
0 164 3.703703703703704e-02 
0 165 3.703703703703704e-02 
0 166 3.703703703703705e-02 
0 167 2.966078016034165e-02 
0 168 6.557731507775358e-02 
0 169 6.557731507775355e-02 
0 170 2.966078016034165e-02 
0 171 2.966078016034165e-02 
0 172 6.557731507775359e-02 
0 173 6.557731507775356e-02 
0 174 2.966078016034166e-02 
0 175 3.703703703703703e-02 
0 176 3.703703703703703e-02 
0 177 3.703703703703703e-02 
0 178 3.703703703703704e-02 
0 179 3.703703703703704e-02 
0 180 3.703703703703704e-02 
0 181 3.703703703703704e-02 
0 182 3.703703703703705e-02 
0 183 3.703703703703703e-02 
0 184 3.703703703703703e-02 
0 185 3.703703703703703e-02 
0 186 3.703703703703704e-02 
0 187 3.703703703703704e-02 
0 188 3.703703703703704e-02 
0 189 3.703703703703704e-02 
0 190 3.703703703703705e-02 
0 191 2.966078016034165e-02 
0 192 6.557731507775358e-02 
0 193 6.557731507775355e-02 
0 194 2.966078016034165e-02 
0 195 2.966078016034165e-02 
0 196 6.557731507775359e-02 
0 197 6.557731507775356e-02 
0 198 2.966078016034166e-02 
0 199 2.966078016034165e-02 
0 200 2.966078016034165e-02 
0 201 6.557731507775358e-02 
0 202 6.557731507775355e-02 
0 203 2.966078016034165e-02 
0 204 6.557731507775359e-02 
0 205 6.557731507775356e-02 
0 206 2.966078016034166e-02 
0 207 2.966078016034165e-02 
0 208 2.966078016034165e-02 
0 209 6.557731507775358e-02 
0 210 6.557731507775355e-02 
0 211 2.966078016034165e-02 
0 212 6.557731507775359e-02 
0 213 6.557731507775356e-02 
0 214 2.966078016034166e-02 
0 215 2.966078016034165e-02 
0 216 2.966078016034165e-02 
0 217 6.557731507775358e-02 
0 218 6.557731507775355e-02 
0 219 2.966078016034165e-02 
0 220 6.557731507775359e-02 
0 221 6.557731507775356e-02 
0 222 2.966078016034166e-02 
0 223 2.260592004605378e-02 
0 224 5.837434491839645e-02 
0 225 8.550790076830263e-02 
0 226 1.001785009339138e-01 
0 227 1.001785009339138e-01 
0 228 8.550790076830266e-02 
0 229 5.837434491839645e-02 
0 230 2.260592004605384e-02 
0 231 2.966078016034165e-02 
0 232 6.557731507775358e-02 
0 233 6.557731507775355e-02 
0 234 2.966078016034165e-02 
0 235 2.966078016034165e-02 
0 236 6.557731507775359e-02 
0 237 6.557731507775356e-02 
0 238 2.966078016034166e-02 
0 239 3.703703703703703e-02 
0 240 3.703703703703703e-02 
0 241 3.703703703703703e-02 
0 242 3.703703703703704e-02 
0 243 3.703703703703704e-02 
0 244 3.703703703703704e-02 
0 245 3.703703703703704e-02 
0 246 3.703703703703705e-02 
0 247 2.966078016034165e-02 
0 248 6.557731507775358e-02 
0 249 6.557731507775355e-02 
0 250 2.966078016034165e-02 
0 251 2.966078016034165e-02 
0 252 6.557731507775359e-02 
0 253 6.557731507775356e-02 
0 254 2.966078016034166e-02 
0 255 3.703703703703703e-02 
0 256 3.703703703703703e-02 
0 257 3.703703703703703e-02 
0 258 3.703703703703704e-02 
0 259 3.703703703703704e-02 
0 260 3.703703703703704e-02 
0 261 3.703703703703704e-02 
0 262 3.703703703703705e-02 
0 263 3.703703703703703e-02 
0 264 3.703703703703703e-02 
0 265 3.703703703703703e-02 
0 266 3.703703703703704e-02 
0 267 3.703703703703704e-02 
0 268 3.703703703703704e-02 
0 269 3.703703703703704e-02 
0 270 3.703703703703705e-02 
0 271 2.966078016034165e-02 
0 272 6.557731507775358e-02 
0 273 6.557731507775355e-02 
0 274 2.966078016034165e-02 
0 275 2.966078016034165e-02 
0 276 6.557731507775359e-02 
0 277 6.557731507775356e-02 
0 278 2.966078016034166e-02 
0 279 3.703703703703703e-02 
0 280 3.703703703703703e-02 
0 281 3.703703703703703e-02 
0 282 3.703703703703704e-02 
0 283 3.703703703703704e-02 
0 284 3.703703703703704e-02 
0 285 3.703703703703704e-02 
0 286 3.703703703703705e-02 
0 287 3.703703703703703e-02 
0 288 3.703703703703703e-02 
0 289 3.703703703703703e-02 
0 290 3.703703703703704e-02 
0 291 3.703703703703704e-02 
0 292 3.703703703703704e-02 
0 293 3.703703703703704e-02 
0 294 3.703703703703705e-02 
0 295 3.703703703703703e-02 
0 296 3.703703703703703e-02 
0 297 3.703703703703703e-02 
0 298 3.703703703703704e-02 
0 299 3.703703703703704e-02 
0 300 3.703703703703704e-02 
0 301 3.703703703703704e-02 
0 302 3.703703703703705e-02 
0 303 2.966078016034165e-02 
0 304 6.557731507775358e-02 
0 305 6.557731507775355e-02 
0 306 2.966078016034165e-02 
0 307 2.966078016034165e-02 
0 308 6.557731507775359e-02 
0 309 6.557731507775356e-02 
0 310 2.966078016034166e-02 
0 311 2.966078016034165e-02 
0 312 2.966078016034165e-02 
0 313 6.557731507775358e-02 
0 314 6.557731507775355e-02 
0 315 2.966078016034165e-02 
0 316 6.557731507775359e-02 
0 317 6.557731507775356e-02 
0 318 2.966078016034166e-02 
0 319 2.966078016034165e-02 
0 320 2.966078016034165e-02 
0 321 6.557731507775358e-02 
0 322 6.557731507775355e-02 
0 323 2.966078016034165e-02 
0 324 6.557731507775359e-02 
0 325 6.557731507775356e-02 
0 326 2.966078016034166e-02 
0 327 2.966078016034165e-02 
0 328 2.966078016034165e-02 
0 329 6.557731507775358e-02 
0 330 6.557731507775355e-02 
0 331 2.966078016034165e-02 
0 332 6.557731507775359e-02 
0 333 6.557731507775356e-02 
0 334 2.966078016034166e-02 
0 335 2.966078016034165e-02 
0 336 2.966078016034165e-02 
0 337 6.557731507775358e-02 
0 338 6.557731507775355e-02 
0 339 2.966078016034165e-02 
0 340 6.557731507775359e-02 
0 341 6.557731507775356e-02 
0 342 2.966078016034166e-02 
0 343 2.260592004605378e-02 
0 344 5.837434491839645e-02 
0 345 8.550790076830263e-02 
0 346 1.001785009339138e-01 
0 347 1.001785009339138e-01 
0 348 8.550790076830266e-02 
0 349 5.837434491839645e-02 
0 350 2.260592004605384e-02 
1 1 -5.157550330875149e-01 
1 2 5.157550330875149e-01 
1 11 3.255886038336249e-01 
1 12 2.901878445709413e-01 
1 13 -2.901878445709411e-01 
1 14 -3.255886038336248e-01 
1 15 3.071582375870969e-01 
1 16 -3.071582375870969e-01 
1 17 3.071582375870970e-01 
1 18 -3.071582375870970e-01 
1 23 3.071582375870969e-01 
1 24 -3.071582375870969e-01 
1 25 3.071582375870970e-01 
1 26 -3.071582375870970e-01 
1 35 3.071582375870969e-01 
1 36 -3.071582375870969e-01 
1 37 3.071582375870970e-01 
1 38 -3.071582375870970e-01 
1 51 3.071582375870969e-01 
1 52 -3.071582375870969e-01 
1 53 3.071582375870970e-01 
1 54 -3.071582375870970e-01 
1 71 -3.840225737187594e-02 
1 72 -8.406767352137971e-02 
1 73 -8.228218966892019e-02 
1 74 -3.385095157870488e-02 
1 75 3.385095157870487e-02 
1 76 8.228218966892017e-02 
1 77 8.406767352137973e-02 
1 78 3.840225737187603e-02 
1 79 -4.746336699023208e-02 
1 80 -4.346642473115284e-02 
1 81 4.346642473115279e-02 
1 82 4.746336699023209e-02 
1 83 -4.746336699023209e-02 
1 84 -4.346642473115285e-02 
1 85 4.346642473115280e-02 
1 86 4.746336699023210e-02 
1 87 -3.632688838285183e-02 
1 88 3.632688838285184e-02 
1 89 -8.031548032110902e-02 
1 90 -8.031548032110900e-02 
1 91 -3.632688838285184e-02 
1 92 8.031548032110902e-02 
1 93 8.031548032110900e-02 
1 94 3.632688838285184e-02 
1 103 -4.746336699023208e-02 
1 104 -4.346642473115284e-02 
1 105 4.346642473115279e-02 
1 106 4.746336699023209e-02 
1 107 -4.746336699023209e-02 
1 108 -4.346642473115285e-02 
1 109 4.346642473115280e-02 
1 110 4.746336699023210e-02 
1 111 -4.536092116265145e-02 
1 112 4.536092116265144e-02 
1 113 -4.536092116265145e-02 
1 114 4.536092116265145e-02 
1 115 -4.536092116265145e-02 
1 116 4.536092116265145e-02 
1 117 -4.536092116265145e-02 
1 118 4.536092116265145e-02 
1 127 -3.632688838285183e-02 
1 128 3.632688838285184e-02 
1 129 -8.031548032110902e-02 
1 130 -8.031548032110900e-02 
1 131 -3.632688838285184e-02 
1 132 8.031548032110902e-02 
1 133 8.031548032110900e-02 
1 134 3.632688838285184e-02 
1 151 -4.746336699023208e-02 
1 152 -4.346642473115284e-02 
1 153 4.346642473115279e-02 
1 154 4.746336699023209e-02 
1 155 -4.746336699023209e-02 
1 156 -4.346642473115285e-02 
1 157 4.346642473115280e-02 
1 158 4.746336699023210e-02 
1 159 -4.536092116265145e-02 
1 160 4.536092116265144e-02 
1 161 -4.536092116265145e-02 
1 162 4.536092116265145e-02 
1 163 -4.536092116265145e-02 
1 164 4.536092116265145e-02 
1 165 -4.536092116265145e-02 
1 166 4.536092116265145e-02 
1 175 -4.536092116265145e-02 
1 176 4.536092116265144e-02 
1 177 -4.536092116265145e-02 
1 178 4.536092116265145e-02 
1 179 -4.536092116265145e-02 
1 180 4.536092116265145e-02 
1 181 -4.536092116265145e-02 
1 182 4.536092116265145e-02 
1 199 -3.632688838285183e-02 
1 200 3.632688838285184e-02 
1 201 -8.031548032110902e-02 
1 202 -8.031548032110900e-02 
1 203 -3.632688838285184e-02 
1 204 8.031548032110902e-02 
1 205 8.031548032110900e-02 
1 206 3.632688838285184e-02 
1 231 -4.746336699023208e-02 
1 232 -4.346642473115284e-02 
1 233 4.346642473115279e-02 
1 234 4.746336699023209e-02 
1 235 -4.746336699023209e-02 
1 236 -4.346642473115285e-02 
1 237 4.346642473115280e-02 
1 238 4.746336699023210e-02 
1 239 -4.536092116265145e-02 
1 240 4.536092116265144e-02 
1 241 -4.536092116265145e-02 
1 242 4.536092116265145e-02 
1 243 -4.536092116265145e-02 
1 244 4.536092116265145e-02 
1 245 -4.536092116265145e-02 
1 246 4.536092116265145e-02 
1 255 -4.536092116265145e-02 
1 256 4.536092116265144e-02 
1 257 -4.536092116265145e-02 
1 258 4.536092116265145e-02 
1 259 -4.536092116265145e-02 
1 260 4.536092116265145e-02 
1 261 -4.536092116265145e-02 
1 262 4.536092116265145e-02 
1 279 -4.536092116265145e-02 
1 280 4.536092116265144e-02 
1 281 -4.536092116265145e-02 
1 282 4.536092116265145e-02 
1 283 -4.536092116265145e-02 
1 284 4.536092116265145e-02 
1 285 -4.536092116265145e-02 
1 286 4.536092116265145e-02 
1 311 -3.632688838285183e-02 
1 312 3.632688838285184e-02 
1 313 -8.031548032110902e-02 
1 314 -8.031548032110900e-02 
1 315 -3.632688838285184e-02 
1 316 8.031548032110902e-02 
1 317 8.031548032110900e-02 
1 318 3.632688838285184e-02 
2 3 -5.157550330875149e-01 
2 4 5.157550330875149e-01 
2 15 3.071582375870969e-01 
2 16 3.071582375870970e-01 
2 17 -3.071582375870969e-01 
2 18 -3.071582375870970e-01 
2 19 3.255886038336248e-01 
2 20 2.901878445709412e-01 
2 21 -2.901878445709411e-01 
2 22 -3.255886038336248e-01 
2 27 3.071582375870969e-01 
2 28 -3.071582375870969e-01 
2 29 3.071582375870970e-01 
2 30 -3.071582375870970e-01 
2 39 3.071582375870969e-01 
2 40 -3.071582375870969e-01 
2 41 3.071582375870970e-01 
2 42 -3.071582375870970e-01 
2 55 3.071582375870969e-01 
2 56 -3.071582375870969e-01 
2 57 3.071582375870970e-01 
2 58 -3.071582375870970e-01 
2 79 -3.632688838285183e-02 
2 80 -8.031548032110902e-02 
2 81 -8.031548032110900e-02 
2 82 -3.632688838285184e-02 
2 83 3.632688838285184e-02 
2 84 8.031548032110902e-02 
2 85 8.031548032110900e-02 
2 86 3.632688838285184e-02 
2 87 -4.746336699023208e-02 
2 88 -4.746336699023209e-02 
2 89 -4.346642473115284e-02 
2 90 4.346642473115279e-02 
2 91 4.746336699023209e-02 
2 92 -4.346642473115285e-02 
2 93 4.346642473115280e-02 
2 94 4.746336699023210e-02 
2 95 -3.840225737187594e-02 
2 96 -8.406767352137971e-02 
2 97 -8.228218966892019e-02 
2 98 -3.385095157870488e-02 
2 99 3.385095157870487e-02 
2 100 8.228218966892017e-02 
2 101 8.406767352137973e-02 
2 102 3.840225737187603e-02 
2 111 -4.536092116265145e-02 
2 112 -4.536092116265145e-02 
2 113 4.536092116265144e-02 
2 114 4.536092116265145e-02 
2 115 -4.536092116265145e-02 
2 116 -4.536092116265145e-02 
2 117 4.536092116265145e-02 
2 118 4.536092116265145e-02 
2 119 -4.746336699023208e-02 
2 120 -4.346642473115284e-02 
2 121 4.346642473115279e-02 
2 122 4.746336699023209e-02 
2 123 -4.746336699023209e-02 
2 124 -4.346642473115285e-02 
2 125 4.346642473115280e-02 
2 126 4.746336699023210e-02 
2 135 -3.632688838285183e-02 
2 136 3.632688838285184e-02 
2 137 -8.031548032110902e-02 
2 138 -8.031548032110900e-02 
2 139 -3.632688838285184e-02 
2 140 8.031548032110902e-02 
2 141 8.031548032110900e-02 
2 142 3.632688838285184e-02 
2 159 -4.536092116265145e-02 
2 160 -4.536092116265145e-02 
2 161 4.536092116265144e-02 
2 162 4.536092116265145e-02 
2 163 -4.536092116265145e-02 
2 164 -4.536092116265145e-02 
2 165 4.536092116265145e-02 
2 166 4.536092116265145e-02 
2 167 -4.746336699023208e-02 
2 168 -4.346642473115284e-02 
2 169 4.346642473115279e-02 
2 170 4.746336699023209e-02 
2 171 -4.746336699023209e-02 
2 172 -4.346642473115285e-02 
2 173 4.346642473115280e-02 
2 174 4.746336699023210e-02 
2 183 -4.536092116265145e-02 
2 184 4.536092116265144e-02 
2 185 -4.536092116265145e-02 
2 186 4.536092116265145e-02 
2 187 -4.536092116265145e-02 
2 188 4.536092116265145e-02 
2 189 -4.536092116265145e-02 
2 190 4.536092116265145e-02 
2 207 -3.632688838285183e-02 
2 208 3.632688838285184e-02 
2 209 -8.031548032110902e-02 
2 210 -8.031548032110900e-02 
2 211 -3.632688838285184e-02 
2 212 8.031548032110902e-02 
2 213 8.031548032110900e-02 
2 214 3.632688838285184e-02 
2 239 -4.536092116265145e-02 
2 240 -4.536092116265145e-02 
2 241 4.536092116265144e-02 
2 242 4.536092116265145e-02 
2 243 -4.536092116265145e-02 
2 244 -4.536092116265145e-02 
2 245 4.536092116265145e-02 
2 246 4.536092116265145e-02 
2 247 -4.746336699023208e-02 
2 248 -4.346642473115284e-02 
2 249 4.346642473115279e-02 
2 250 4.746336699023209e-02 
2 251 -4.746336699023209e-02 
2 252 -4.346642473115285e-02 
2 253 4.346642473115280e-02 
2 254 4.746336699023210e-02 
2 263 -4.536092116265145e-02 
2 264 4.536092116265144e-02 
2 265 -4.536092116265145e-02 
2 266 4.536092116265145e-02 
2 267 -4.536092116265145e-02 
2 268 4.536092116265145e-02 
2 269 -4.536092116265145e-02 
2 270 4.536092116265145e-02 
2 287 -4.536092116265145e-02 
2 288 4.536092116265144e-02 
2 289 -4.536092116265145e-02 
2 290 4.536092116265145e-02 
2 291 -4.536092116265145e-02 
2 292 4.536092116265145e-02 
2 293 -4.536092116265145e-02 
2 294 4.536092116265145e-02 
2 319 -3.632688838285183e-02 
2 320 3.632688838285184e-02 
2 321 -8.031548032110902e-02 
2 322 -8.031548032110900e-02 
2 323 -3.632688838285184e-02 
2 324 8.031548032110902e-02 
2 325 8.031548032110900e-02 
2 326 3.632688838285184e-02 
3 5 -5.157550330875149e-01 
3 6 5.157550330875145e-01 
3 23 3.071582375870969e-01 
3 24 3.071582375870970e-01 
3 25 -3.071582375870969e-01 
3 26 -3.071582375870970e-01 
3 27 3.071582375870969e-01 
3 28 3.071582375870970e-01 
3 29 -3.071582375870969e-01 
3 30 -3.071582375870970e-01 
3 31 3.255886038336248e-01 
3 32 2.901878445709413e-01 
3 33 -2.901878445709411e-01 
3 34 -3.255886038336248e-01 
3 43 3.071582375870969e-01 
3 44 -3.071582375870969e-01 
3 45 3.071582375870970e-01 
3 46 -3.071582375870970e-01 
3 59 3.071582375870969e-01 
3 60 -3.071582375870969e-01 
3 61 3.071582375870970e-01 
3 62 -3.071582375870970e-01 
3 103 -3.632688838285183e-02 
3 104 -8.031548032110902e-02 
3 105 -8.031548032110900e-02 
3 106 -3.632688838285184e-02 
3 107 3.632688838285184e-02 
3 108 8.031548032110902e-02 
3 109 8.031548032110900e-02 
3 110 3.632688838285184e-02 
3 111 -4.536092116265145e-02 
3 112 -4.536092116265145e-02 
3 113 -4.536092116265145e-02 
3 114 -4.536092116265145e-02 
3 115 4.536092116265145e-02 
3 116 4.536092116265145e-02 
3 117 4.536092116265145e-02 
3 118 4.536092116265145e-02 
3 119 -3.632688838285183e-02 
3 120 -8.031548032110902e-02 
3 121 -8.031548032110900e-02 
3 122 -3.632688838285184e-02 
3 123 3.632688838285184e-02 
3 124 8.031548032110902e-02 
3 125 8.031548032110900e-02 
3 126 3.632688838285184e-02 
3 127 -4.746336699023208e-02 
3 128 -4.746336699023209e-02 
3 129 -4.346642473115284e-02 
3 130 4.346642473115279e-02 
3 131 4.746336699023209e-02 
3 132 -4.346642473115285e-02 
3 133 4.346642473115280e-02 
3 134 4.746336699023210e-02 
3 135 -4.746336699023208e-02 
3 136 -4.746336699023209e-02 
3 137 -4.346642473115284e-02 
3 138 4.346642473115279e-02 
3 139 4.746336699023209e-02 
3 140 -4.346642473115285e-02 
3 141 4.346642473115280e-02 
3 142 4.746336699023210e-02 
3 143 -3.840225737187594e-02 
3 144 -8.406767352137971e-02 
3 145 -8.228218966892019e-02 
3 146 -3.385095157870488e-02 
3 147 3.385095157870487e-02 
3 148 8.228218966892017e-02 
3 149 8.406767352137973e-02 
3 150 3.840225737187603e-02 
3 175 -4.536092116265145e-02 
3 176 -4.536092116265145e-02 
3 177 4.536092116265144e-02 
3 178 4.536092116265145e-02 
3 179 -4.536092116265145e-02 
3 180 -4.536092116265145e-02 
3 181 4.536092116265145e-02 
3 182 4.536092116265145e-02 
3 183 -4.536092116265145e-02 
3 184 -4.536092116265145e-02 
3 185 4.536092116265144e-02 
3 186 4.536092116265145e-02 
3 187 -4.536092116265145e-02 
3 188 -4.536092116265145e-02 
3 189 4.536092116265145e-02 
3 190 4.536092116265145e-02 
3 191 -4.746336699023208e-02 
3 192 -4.346642473115284e-02 
3 193 4.346642473115279e-02 
3 194 4.746336699023209e-02 
3 195 -4.746336699023209e-02 
3 196 -4.346642473115285e-02 
3 197 4.346642473115280e-02 
3 198 4.746336699023210e-02 
3 215 -3.632688838285183e-02 
3 216 3.632688838285184e-02 
3 217 -8.031548032110902e-02 
3 218 -8.031548032110900e-02 
3 219 -3.632688838285184e-02 
3 220 8.031548032110902e-02 
3 221 8.031548032110900e-02 
3 222 3.632688838285184e-02 
3 255 -4.536092116265145e-02 
3 256 -4.536092116265145e-02 
3 257 4.536092116265144e-02 
3 258 4.536092116265145e-02 
3 259 -4.536092116265145e-02 
3 260 -4.536092116265145e-02 
3 261 4.536092116265145e-02 
3 262 4.536092116265145e-02 
3 263 -4.536092116265145e-02 
3 264 -4.536092116265145e-02 
3 265 4.536092116265144e-02 
3 266 4.536092116265145e-02 
3 267 -4.536092116265145e-02 
3 268 -4.536092116265145e-02 
3 269 4.536092116265145e-02 
3 270 4.536092116265145e-02 
3 271 -4.746336699023208e-02 
3 272 -4.346642473115284e-02 
3 273 4.346642473115279e-02 
3 274 4.746336699023209e-02 
3 275 -4.746336699023209e-02 
3 276 -4.346642473115285e-02 
3 277 4.346642473115280e-02 
3 278 4.746336699023210e-02 
3 295 -4.536092116265145e-02 
3 296 4.536092116265144e-02 
3 297 -4.536092116265145e-02 
3 298 4.536092116265145e-02 
3 299 -4.536092116265145e-02 
3 300 4.536092116265145e-02 
3 301 -4.536092116265145e-02 
3 302 4.536092116265145e-02 
3 327 -3.632688838285183e-02 
3 328 3.632688838285184e-02 
3 329 -8.031548032110902e-02 
3 330 -8.031548032110900e-02 
3 331 -3.632688838285184e-02 
3 332 8.031548032110902e-02 
3 333 8.031548032110900e-02 
3 334 3.632688838285184e-02 
4 7 -5.157550330875149e-01 
4 8 5.157550330875145e-01 
4 35 3.071582375870969e-01 
4 36 3.071582375870970e-01 
4 37 -3.071582375870969e-01 
4 38 -3.071582375870970e-01 
4 39 3.071582375870969e-01 
4 40 3.071582375870970e-01 
4 41 -3.071582375870969e-01 
4 42 -3.071582375870970e-01 
4 43 3.071582375870969e-01 
4 44 3.071582375870970e-01 
4 45 -3.071582375870969e-01 
4 46 -3.071582375870970e-01 
4 47 3.255886038336248e-01 
4 48 2.901878445709412e-01 
4 49 -2.901878445709411e-01 
4 50 -3.255886038336248e-01 
4 63 3.071582375870969e-01 
4 64 -3.071582375870969e-01 
4 65 3.071582375870970e-01 
4 66 -3.071582375870970e-01 
4 151 -3.632688838285183e-02 
4 152 -8.031548032110902e-02 
4 153 -8.031548032110900e-02 
4 154 -3.632688838285184e-02 
4 155 3.632688838285184e-02 
4 156 8.031548032110902e-02 
4 157 8.031548032110900e-02 
4 158 3.632688838285184e-02 
4 159 -4.536092116265145e-02 
4 160 -4.536092116265145e-02 
4 161 -4.536092116265145e-02 
4 162 -4.536092116265145e-02 
4 163 4.536092116265145e-02 
4 164 4.536092116265145e-02 
4 165 4.536092116265145e-02 
4 166 4.536092116265145e-02 
4 167 -3.632688838285183e-02 
4 168 -8.031548032110902e-02 
4 169 -8.031548032110900e-02 
4 170 -3.632688838285184e-02 
4 171 3.632688838285184e-02 
4 172 8.031548032110902e-02 
4 173 8.031548032110900e-02 
4 174 3.632688838285184e-02 
4 175 -4.536092116265145e-02 
4 176 -4.536092116265145e-02 
4 177 -4.536092116265145e-02 
4 178 -4.536092116265145e-02 
4 179 4.536092116265145e-02 
4 180 4.536092116265145e-02 
4 181 4.536092116265145e-02 
4 182 4.536092116265145e-02 
4 183 -4.536092116265145e-02 
4 184 -4.536092116265145e-02 
4 185 -4.536092116265145e-02 
4 186 -4.536092116265145e-02 
4 187 4.536092116265145e-02 
4 188 4.536092116265145e-02 
4 189 4.536092116265145e-02 
4 190 4.536092116265145e-02 
4 191 -3.632688838285183e-02 
4 192 -8.031548032110902e-02 
4 193 -8.031548032110900e-02 
4 194 -3.632688838285184e-02 
4 195 3.632688838285184e-02 
4 196 8.031548032110902e-02 
4 197 8.031548032110900e-02 
4 198 3.632688838285184e-02 
4 199 -4.746336699023208e-02 
4 200 -4.746336699023209e-02 
4 201 -4.346642473115284e-02 
4 202 4.346642473115279e-02 
4 203 4.746336699023209e-02 
4 204 -4.346642473115285e-02 
4 205 4.346642473115280e-02 
4 206 4.746336699023210e-02 
4 207 -4.746336699023208e-02 
4 208 -4.746336699023209e-02 
4 209 -4.346642473115284e-02 
4 210 4.346642473115279e-02 
4 211 4.746336699023209e-02 
4 212 -4.346642473115285e-02 
4 213 4.346642473115280e-02 
4 214 4.746336699023210e-02 
4 215 -4.746336699023208e-02 
4 216 -4.746336699023209e-02 
4 217 -4.346642473115284e-02 
4 218 4.346642473115279e-02 
4 219 4.746336699023209e-02 
4 220 -4.346642473115285e-02 
4 221 4.346642473115280e-02 
4 222 4.746336699023210e-02 
4 223 -3.840225737187594e-02 
4 224 -8.406767352137971e-02 
4 225 -8.228218966892019e-02 
4 226 -3.385095157870488e-02 
4 227 3.385095157870487e-02 
4 228 8.228218966892017e-02 
4 229 8.406767352137973e-02 
4 230 3.840225737187603e-02 
4 279 -4.536092116265145e-02 
4 280 -4.536092116265145e-02 
4 281 4.536092116265144e-02 
4 282 4.536092116265145e-02 
4 283 -4.536092116265145e-02 
4 284 -4.536092116265145e-02 
4 285 4.536092116265145e-02 
4 286 4.536092116265145e-02 
4 287 -4.536092116265145e-02 
4 288 -4.536092116265145e-02 
4 289 4.536092116265144e-02 
4 290 4.536092116265145e-02 
4 291 -4.536092116265145e-02 
4 292 -4.536092116265145e-02 
4 293 4.536092116265145e-02 
4 294 4.536092116265145e-02 
4 295 -4.536092116265145e-02 
4 296 -4.536092116265145e-02 
4 297 4.536092116265144e-02 
4 298 4.536092116265145e-02 
4 299 -4.536092116265145e-02 
4 300 -4.536092116265145e-02 
4 301 4.536092116265145e-02 
4 302 4.536092116265145e-02 
4 303 -4.746336699023208e-02 
4 304 -4.346642473115284e-02 
4 305 4.346642473115279e-02 
4 306 4.746336699023209e-02 
4 307 -4.746336699023209e-02 
4 308 -4.346642473115285e-02 
4 309 4.346642473115280e-02 
4 310 4.746336699023210e-02 
4 335 -3.632688838285183e-02 
4 336 3.632688838285184e-02 
4 337 -8.031548032110902e-02 
4 338 -8.031548032110900e-02 
4 339 -3.632688838285184e-02 
4 340 8.031548032110902e-02 
4 341 8.031548032110900e-02 
4 342 3.632688838285184e-02 
5 9 -5.157550330875142e-01 
5 10 5.157550330875142e-01 
5 51 3.071582375870969e-01 
5 52 3.071582375870970e-01 
5 53 -3.071582375870969e-01 
5 54 -3.071582375870970e-01 
5 55 3.071582375870969e-01 
5 56 3.071582375870970e-01 
5 57 -3.071582375870969e-01 
5 58 -3.071582375870970e-01 
5 59 3.071582375870969e-01 
5 60 3.071582375870970e-01 
5 61 -3.071582375870969e-01 
5 62 -3.071582375870970e-01 
5 63 3.071582375870969e-01 
5 64 3.071582375870970e-01 
5 65 -3.071582375870969e-01 
5 66 -3.071582375870970e-01 
5 67 3.255886038336248e-01 
5 68 2.901878445709413e-01 
5 69 -2.901878445709411e-01 
5 70 -3.255886038336248e-01 
5 231 -3.632688838285183e-02 
5 232 -8.031548032110902e-02 
5 233 -8.031548032110900e-02 
5 234 -3.632688838285184e-02 
5 235 3.632688838285184e-02 
5 236 8.031548032110902e-02 
5 237 8.031548032110900e-02 
5 238 3.632688838285184e-02 
5 239 -4.536092116265145e-02 
5 240 -4.536092116265145e-02 
5 241 -4.536092116265145e-02 
5 242 -4.536092116265145e-02 
5 243 4.536092116265145e-02 
5 244 4.536092116265145e-02 
5 245 4.536092116265145e-02 
5 246 4.536092116265145e-02 
5 247 -3.632688838285183e-02 
5 248 -8.031548032110902e-02 
5 249 -8.031548032110900e-02 
5 250 -3.632688838285184e-02 
5 251 3.632688838285184e-02 
5 252 8.031548032110902e-02 
5 253 8.031548032110900e-02 
5 254 3.632688838285184e-02 
5 255 -4.536092116265145e-02 
5 256 -4.536092116265145e-02 
5 257 -4.536092116265145e-02 
5 258 -4.536092116265145e-02 
5 259 4.536092116265145e-02 
5 260 4.536092116265145e-02 
5 261 4.536092116265145e-02 
5 262 4.536092116265145e-02 
5 263 -4.536092116265145e-02 
5 264 -4.536092116265145e-02 
5 265 -4.536092116265145e-02 
5 266 -4.536092116265145e-02 
5 267 4.536092116265145e-02 
5 268 4.536092116265145e-02 
5 269 4.536092116265145e-02 
5 270 4.536092116265145e-02 
5 271 -3.632688838285183e-02 
5 272 -8.031548032110902e-02 
5 273 -8.031548032110900e-02 
5 274 -3.632688838285184e-02 
5 275 3.632688838285184e-02 
5 276 8.031548032110902e-02 
5 277 8.031548032110900e-02 
5 278 3.632688838285184e-02 
5 279 -4.536092116265145e-02 
5 280 -4.536092116265145e-02 
5 281 -4.536092116265145e-02 
5 282 -4.536092116265145e-02 
5 283 4.536092116265145e-02 
5 284 4.536092116265145e-02 
5 285 4.536092116265145e-02 
5 286 4.536092116265145e-02 
5 287 -4.536092116265145e-02 
5 288 -4.536092116265145e-02 
5 289 -4.536092116265145e-02 
5 290 -4.536092116265145e-02 
5 291 4.536092116265145e-02 
5 292 4.536092116265145e-02 
5 293 4.536092116265145e-02 
5 294 4.536092116265145e-02 
5 295 -4.536092116265145e-02 
5 296 -4.536092116265145e-02 
5 297 -4.536092116265145e-02 
5 298 -4.536092116265145e-02 
5 299 4.536092116265145e-02 
5 300 4.536092116265145e-02 
5 301 4.536092116265145e-02 
5 302 4.536092116265145e-02 
5 303 -3.632688838285183e-02 
5 304 -8.031548032110902e-02 
5 305 -8.031548032110900e-02 
5 306 -3.632688838285184e-02 
5 307 3.632688838285184e-02 
5 308 8.031548032110902e-02 
5 309 8.031548032110900e-02 
5 310 3.632688838285184e-02 
5 311 -4.746336699023208e-02 
5 312 -4.746336699023209e-02 
5 313 -4.346642473115284e-02 
5 314 4.346642473115279e-02 
5 315 4.746336699023209e-02 
5 316 -4.346642473115285e-02 
5 317 4.346642473115280e-02 
5 318 4.746336699023210e-02 
5 319 -4.746336699023208e-02 
5 320 -4.746336699023209e-02 
5 321 -4.346642473115284e-02 
5 322 4.346642473115279e-02 
5 323 4.746336699023209e-02 
5 324 -4.346642473115285e-02 
5 325 4.346642473115280e-02 
5 326 4.746336699023210e-02 
5 327 -4.746336699023208e-02 
5 328 -4.746336699023209e-02 
5 329 -4.346642473115284e-02 
5 330 4.346642473115279e-02 
5 331 4.746336699023209e-02 
5 332 -4.346642473115285e-02 
5 333 4.346642473115280e-02 
5 334 4.746336699023210e-02 
5 335 -4.746336699023208e-02 
5 336 -4.746336699023209e-02 
5 337 -4.346642473115284e-02 
5 338 4.346642473115279e-02 
5 339 4.746336699023209e-02 
5 340 -4.346642473115285e-02 
5 341 4.346642473115280e-02 
5 342 4.746336699023210e-02 
5 343 -3.840225737187594e-02 
5 344 -8.406767352137971e-02 
5 345 -8.228218966892019e-02 
5 346 -3.385095157870488e-02 
5 347 3.385095157870487e-02 
5 348 8.228218966892017e-02 
5 349 8.406767352137973e-02 
5 350 3.840225737187603e-02 
6 0 4.340836148128964e-01 
6 1 -1.479170508592519e-01 
6 2 -1.479170508592517e-01 
6 3 -6.743697074999366e-02 
6 4 -6.743697074999368e-02 
6 5 -6.743697074999366e-02 
6 6 -6.743697074999368e-02 
6 7 -6.743697074999366e-02 
6 8 -6.743697074999368e-02 
6 9 -6.743697074999366e-02 
6 10 -6.743697074999368e-02 
6 11 -3.550230706177782e-01 
6 12 2.744312988013520e-01 
6 13 2.744312988013523e-01 
6 14 -3.550230706177782e-01 
6 15 2.307054262499784e-02 
6 16 2.307054262499782e-02 
6 17 2.307054262499784e-02 
6 18 2.307054262499782e-02 
6 23 2.307054262499784e-02 
6 24 2.307054262499782e-02 
6 25 2.307054262499784e-02 
6 26 2.307054262499782e-02 
6 35 2.307054262499784e-02 
6 36 2.307054262499782e-02 
6 37 2.307054262499784e-02 
6 38 2.307054262499782e-02 
6 51 2.307054262499784e-02 
6 52 2.307054262499782e-02 
6 53 2.307054262499784e-02 
6 54 2.307054262499782e-02 
6 71 4.766254952688982e-02 
6 72 7.009571612225002e-02 
6 73 -7.076858932803375e-03 
6 74 -9.921439144710675e-02 
6 75 -9.921439144710680e-02 
6 76 -7.076858932803485e-03 
6 77 7.009571612225007e-02 
6 78 4.766254952688993e-02 
6 79 5.175423860763045e-02 
6 80 -4.110629585763145e-02 
6 81 -4.110629585763147e-02 
6 82 5.175423860763047e-02 
6 83 5.175423860763047e-02 
6 84 -4.110629585763146e-02 
6 85 -4.110629585763148e-02 
6 86 5.175423860763047e-02 
6 103 5.175423860763045e-02 
6 104 -4.110629585763145e-02 
6 105 -4.110629585763147e-02 
6 106 5.175423860763047e-02 
6 107 5.175423860763047e-02 
6 108 -4.110629585763146e-02 
6 109 -4.110629585763148e-02 
6 110 5.175423860763047e-02 
6 151 5.175423860763045e-02 
6 152 -4.110629585763145e-02 
6 153 -4.110629585763147e-02 
6 154 5.175423860763047e-02 
6 155 5.175423860763047e-02 
6 156 -4.110629585763146e-02 
6 157 -4.110629585763148e-02 
6 158 5.175423860763047e-02 
6 231 5.175423860763045e-02 
6 232 -4.110629585763145e-02 
6 233 -4.110629585763147e-02 
6 234 5.175423860763047e-02 
6 235 5.175423860763047e-02 
6 236 -4.110629585763146e-02 
6 237 -4.110629585763148e-02 
6 238 5.175423860763047e-02 
7 15 -3.761904761904762e-01 
7 16 3.761904761904762e-01 
7 17 3.761904761904762e-01 
7 18 -3.761904761904762e-01 
7 79 5.813051530026359e-02 
7 80 5.323528076720797e-02 
7 81 -5.323528076720791e-02 
7 82 -5.813051530026360e-02 
7 83 -5.813051530026359e-02 
7 84 -5.323528076720797e-02 
7 85 5.323528076720792e-02 
7 86 5.813051530026359e-02 
7 87 5.813051530026359e-02 
7 88 -5.813051530026359e-02 
7 89 5.323528076720797e-02 
7 90 -5.323528076720791e-02 
7 91 -5.813051530026360e-02 
7 92 -5.323528076720797e-02 
7 93 5.323528076720792e-02 
7 94 5.813051530026359e-02 
7 111 5.555555555555556e-02 
7 112 -5.555555555555555e-02 
7 113 -5.555555555555555e-02 
7 114 5.555555555555555e-02 
7 115 5.555555555555557e-02 
7 116 -5.555555555555557e-02 
7 117 -5.555555555555557e-02 
7 118 5.555555555555557e-02 
7 159 5.555555555555556e-02 
7 160 -5.555555555555555e-02 
7 161 -5.555555555555555e-02 
7 162 5.555555555555555e-02 
7 163 5.555555555555557e-02 
7 164 -5.555555555555557e-02 
7 165 -5.555555555555557e-02 
7 166 5.555555555555557e-02 
7 239 5.555555555555556e-02 
7 240 -5.555555555555555e-02 
7 241 -5.555555555555555e-02 
7 242 5.555555555555555e-02 
7 243 5.555555555555557e-02 
7 244 -5.555555555555557e-02 
7 245 -5.555555555555557e-02 
7 246 5.555555555555557e-02 
8 23 -3.761904761904762e-01 
8 24 3.761904761904762e-01 
8 25 3.761904761904762e-01 
8 26 -3.761904761904762e-01 
8 103 5.813051530026359e-02 
8 104 5.323528076720797e-02 
8 105 -5.323528076720791e-02 
8 106 -5.813051530026360e-02 
8 107 -5.813051530026359e-02 
8 108 -5.323528076720797e-02 
8 109 5.323528076720792e-02 
8 110 5.813051530026359e-02 
8 111 5.555555555555556e-02 
8 112 -5.555555555555555e-02 
8 113 5.555555555555556e-02 
8 114 -5.555555555555557e-02 
8 115 -5.555555555555557e-02 
8 116 5.555555555555555e-02 
8 117 -5.555555555555557e-02 
8 118 5.555555555555557e-02 
8 127 5.813051530026359e-02 
8 128 -5.813051530026359e-02 
8 129 5.323528076720797e-02 
8 130 -5.323528076720791e-02 
8 131 -5.813051530026360e-02 
8 132 -5.323528076720797e-02 
8 133 5.323528076720792e-02 
8 134 5.813051530026359e-02 
8 175 5.555555555555556e-02 
8 176 -5.555555555555555e-02 
8 177 -5.555555555555555e-02 
8 178 5.555555555555555e-02 
8 179 5.555555555555557e-02 
8 180 -5.555555555555557e-02 
8 181 -5.555555555555557e-02 
8 182 5.555555555555557e-02 
8 255 5.555555555555556e-02 
8 256 -5.555555555555555e-02 
8 257 -5.555555555555555e-02 
8 258 5.555555555555555e-02 
8 259 5.555555555555557e-02 
8 260 -5.555555555555557e-02 
8 261 -5.555555555555557e-02 
8 262 5.555555555555557e-02 
9 35 -3.761904761904762e-01 
9 36 3.761904761904762e-01 
9 37 3.761904761904762e-01 
9 38 -3.761904761904762e-01 
9 151 5.813051530026359e-02 
9 152 5.323528076720797e-02 
9 153 -5.323528076720791e-02 
9 154 -5.813051530026360e-02 
9 155 -5.813051530026359e-02 
9 156 -5.323528076720797e-02 
9 157 5.323528076720792e-02 
9 158 5.813051530026359e-02 
9 159 5.555555555555556e-02 
9 160 -5.555555555555555e-02 
9 161 5.555555555555556e-02 
9 162 -5.555555555555557e-02 
9 163 -5.555555555555557e-02 
9 164 5.555555555555555e-02 
9 165 -5.555555555555557e-02 
9 166 5.555555555555557e-02 
9 175 5.555555555555556e-02 
9 176 -5.555555555555555e-02 
9 177 5.555555555555556e-02 
9 178 -5.555555555555557e-02 
9 179 -5.555555555555557e-02 
9 180 5.555555555555555e-02 
9 181 -5.555555555555557e-02 
9 182 5.555555555555557e-02 
9 199 5.813051530026359e-02 
9 200 -5.813051530026359e-02 
9 201 5.323528076720797e-02 
9 202 -5.323528076720791e-02 
9 203 -5.813051530026360e-02 
9 204 -5.323528076720797e-02 
9 205 5.323528076720792e-02 
9 206 5.813051530026359e-02 
9 279 5.555555555555556e-02 
9 280 -5.555555555555555e-02 
9 281 -5.555555555555555e-02 
9 282 5.555555555555555e-02 
9 283 5.555555555555557e-02 
9 284 -5.555555555555557e-02 
9 285 -5.555555555555557e-02 
9 286 5.555555555555557e-02 
10 51 -3.761904761904762e-01 
10 52 3.761904761904762e-01 
10 53 3.761904761904762e-01 
10 54 -3.761904761904762e-01 
10 231 5.813051530026359e-02 
10 232 5.323528076720797e-02 
10 233 -5.323528076720791e-02 
10 234 -5.813051530026360e-02 
10 235 -5.813051530026359e-02 
10 236 -5.323528076720797e-02 
10 237 5.323528076720792e-02 
10 238 5.813051530026359e-02 
10 239 5.555555555555556e-02 
10 240 -5.555555555555555e-02 
10 241 5.555555555555556e-02 
10 242 -5.555555555555557e-02 
10 243 -5.555555555555557e-02 
10 244 5.555555555555555e-02 
10 245 -5.555555555555557e-02 
10 246 5.555555555555557e-02 
10 255 5.555555555555556e-02 
10 256 -5.555555555555555e-02 
10 257 5.555555555555556e-02 
10 258 -5.555555555555557e-02 
10 259 -5.555555555555557e-02 
10 260 5.555555555555555e-02 
10 261 -5.555555555555557e-02 
10 262 5.555555555555557e-02 
10 279 5.555555555555556e-02 
10 280 -5.555555555555555e-02 
10 281 5.555555555555556e-02 
10 282 -5.555555555555557e-02 
10 283 -5.555555555555557e-02 
10 284 5.555555555555555e-02 
10 285 -5.555555555555557e-02 
10 286 5.555555555555557e-02 
10 311 5.813051530026359e-02 
10 312 -5.813051530026359e-02 
10 313 5.323528076720797e-02 
10 314 -5.323528076720791e-02 
10 315 -5.813051530026360e-02 
10 316 -5.323528076720797e-02 
10 317 5.323528076720792e-02 
10 318 5.813051530026359e-02 
11 0 4.340836148128964e-01 
11 1 -6.743697074999366e-02 
11 2 -6.743697074999368e-02 
11 3 -1.479170508592519e-01 
11 4 -1.479170508592517e-01 
11 5 -6.743697074999366e-02 
11 6 -6.743697074999368e-02 
11 7 -6.743697074999366e-02 
11 8 -6.743697074999368e-02 
11 9 -6.743697074999366e-02 
11 10 -6.743697074999368e-02 
11 15 2.307054262499784e-02 
11 16 2.307054262499784e-02 
11 17 2.307054262499782e-02 
11 18 2.307054262499782e-02 
11 19 -3.550230706177782e-01 
11 20 2.744312988013520e-01 
11 21 2.744312988013523e-01 
11 22 -3.550230706177782e-01 
11 27 2.307054262499784e-02 
11 28 2.307054262499782e-02 
11 29 2.307054262499784e-02 
11 30 2.307054262499782e-02 
11 39 2.307054262499784e-02 
11 40 2.307054262499782e-02 
11 41 2.307054262499784e-02 
11 42 2.307054262499782e-02 
11 55 2.307054262499784e-02 
11 56 2.307054262499782e-02 
11 57 2.307054262499784e-02 
11 58 2.307054262499782e-02 
11 87 5.175423860763045e-02 
11 88 5.175423860763047e-02 
11 89 -4.110629585763145e-02 
11 90 -4.110629585763147e-02 
11 91 5.175423860763047e-02 
11 92 -4.110629585763146e-02 
11 93 -4.110629585763148e-02 
11 94 5.175423860763047e-02 
11 95 4.766254952688982e-02 
11 96 7.009571612225002e-02 
11 97 -7.076858932803375e-03 
11 98 -9.921439144710675e-02 
11 99 -9.921439144710680e-02 
11 100 -7.076858932803485e-03 
11 101 7.009571612225007e-02 
11 102 4.766254952688993e-02 
11 119 5.175423860763045e-02 
11 120 -4.110629585763145e-02 
11 121 -4.110629585763147e-02 
11 122 5.175423860763047e-02 
11 123 5.175423860763047e-02 
11 124 -4.110629585763146e-02 
11 125 -4.110629585763148e-02 
11 126 5.175423860763047e-02 
11 167 5.175423860763045e-02 
11 168 -4.110629585763145e-02 
11 169 -4.110629585763147e-02 
11 170 5.175423860763047e-02 
11 171 5.175423860763047e-02 
11 172 -4.110629585763146e-02 
11 173 -4.110629585763148e-02 
11 174 5.175423860763047e-02 
11 247 5.175423860763045e-02 
11 248 -4.110629585763145e-02 
11 249 -4.110629585763147e-02 
11 250 5.175423860763047e-02 
11 251 5.175423860763047e-02 
11 252 -4.110629585763146e-02 
11 253 -4.110629585763148e-02 
11 254 5.175423860763047e-02 
12 27 -3.761904761904762e-01 
12 28 3.761904761904762e-01 
12 29 3.761904761904762e-01 
12 30 -3.761904761904762e-01 
12 111 5.555555555555556e-02 
12 112 5.555555555555556e-02 
12 113 -5.555555555555555e-02 
12 114 -5.555555555555557e-02 
12 115 -5.555555555555557e-02 
12 116 -5.555555555555557e-02 
12 117 5.555555555555555e-02 
12 118 5.555555555555557e-02 
12 119 5.813051530026359e-02 
12 120 5.323528076720797e-02 
12 121 -5.323528076720791e-02 
12 122 -5.813051530026360e-02 
12 123 -5.813051530026359e-02 
12 124 -5.323528076720797e-02 
12 125 5.323528076720792e-02 
12 126 5.813051530026359e-02 
12 135 5.813051530026359e-02 
12 136 -5.813051530026359e-02 
12 137 5.323528076720797e-02 
12 138 -5.323528076720791e-02 
12 139 -5.813051530026360e-02 
12 140 -5.323528076720797e-02 
12 141 5.323528076720792e-02 
12 142 5.813051530026359e-02 
12 183 5.555555555555556e-02 
12 184 -5.555555555555555e-02 
12 185 -5.555555555555555e-02 
12 186 5.555555555555555e-02 
12 187 5.555555555555557e-02 
12 188 -5.555555555555557e-02 
12 189 -5.555555555555557e-02 
12 190 5.555555555555557e-02 
12 263 5.555555555555556e-02 
12 264 -5.555555555555555e-02 
12 265 -5.555555555555555e-02 
12 266 5.555555555555555e-02 
12 267 5.555555555555557e-02 
12 268 -5.555555555555557e-02 
12 269 -5.555555555555557e-02 
12 270 5.555555555555557e-02 
13 39 -3.761904761904762e-01 
13 40 3.761904761904762e-01 
13 41 3.761904761904762e-01 
13 42 -3.761904761904762e-01 
13 159 5.555555555555556e-02 
13 160 5.555555555555556e-02 
13 161 -5.555555555555555e-02 
13 162 -5.555555555555557e-02 
13 163 -5.555555555555557e-02 
13 164 -5.555555555555557e-02 
13 165 5.555555555555555e-02 
13 166 5.555555555555557e-02 
13 167 5.813051530026359e-02 
13 168 5.323528076720797e-02 
13 169 -5.323528076720791e-02 
13 170 -5.813051530026360e-02 
13 171 -5.813051530026359e-02 
13 172 -5.323528076720797e-02 
13 173 5.323528076720792e-02 
13 174 5.813051530026359e-02 
13 183 5.555555555555556e-02 
13 184 -5.555555555555555e-02 
13 185 5.555555555555556e-02 
13 186 -5.555555555555557e-02 
13 187 -5.555555555555557e-02 
13 188 5.555555555555555e-02 
13 189 -5.555555555555557e-02 
13 190 5.555555555555557e-02 
13 207 5.813051530026359e-02 
13 208 -5.813051530026359e-02 
13 209 5.323528076720797e-02 
13 210 -5.323528076720791e-02 
13 211 -5.813051530026360e-02 
13 212 -5.323528076720797e-02 
13 213 5.323528076720792e-02 
13 214 5.813051530026359e-02 
13 287 5.555555555555556e-02 
13 288 -5.555555555555555e-02 
13 289 -5.555555555555555e-02 
13 290 5.555555555555555e-02 
13 291 5.555555555555557e-02 
13 292 -5.555555555555557e-02 
13 293 -5.555555555555557e-02 
13 294 5.555555555555557e-02 
14 55 -3.761904761904762e-01 
14 56 3.761904761904762e-01 
14 57 3.761904761904762e-01 
14 58 -3.761904761904762e-01 
14 239 5.555555555555556e-02 
14 240 5.555555555555556e-02 
14 241 -5.555555555555555e-02 
14 242 -5.555555555555557e-02 
14 243 -5.555555555555557e-02 
14 244 -5.555555555555557e-02 
14 245 5.555555555555555e-02 
14 246 5.555555555555557e-02 
14 247 5.813051530026359e-02 
14 248 5.323528076720797e-02 
14 249 -5.323528076720791e-02 
14 250 -5.813051530026360e-02 
14 251 -5.813051530026359e-02 
14 252 -5.323528076720797e-02 
14 253 5.323528076720792e-02 
14 254 5.813051530026359e-02 
14 263 5.555555555555556e-02 
14 264 -5.555555555555555e-02 
14 265 5.555555555555556e-02 
14 266 -5.555555555555557e-02 
14 267 -5.555555555555557e-02 
14 268 5.555555555555555e-02 
14 269 -5.555555555555557e-02 
14 270 5.555555555555557e-02 
14 287 5.555555555555556e-02 
14 288 -5.555555555555555e-02 
14 289 5.555555555555556e-02 
14 290 -5.555555555555557e-02 
14 291 -5.555555555555557e-02 
14 292 5.555555555555555e-02 
14 293 -5.555555555555557e-02 
14 294 5.555555555555557e-02 
14 319 5.813051530026359e-02 
14 320 -5.813051530026359e-02 
14 321 5.323528076720797e-02 
14 322 -5.323528076720791e-02 
14 323 -5.813051530026360e-02 
14 324 -5.323528076720797e-02 
14 325 5.323528076720792e-02 
14 326 5.813051530026359e-02 
15 0 4.340836148128964e-01 
15 1 -6.743697074999366e-02 
15 2 -6.743697074999368e-02 
15 3 -6.743697074999366e-02 
15 4 -6.743697074999368e-02 
15 5 -1.479170508592519e-01 
15 6 -1.479170508592517e-01 
15 7 -6.743697074999366e-02 
15 8 -6.743697074999368e-02 
15 9 -6.743697074999366e-02 
15 10 -6.743697074999368e-02 
15 23 2.307054262499784e-02 
15 24 2.307054262499784e-02 
15 25 2.307054262499782e-02 
15 26 2.307054262499782e-02 
15 27 2.307054262499784e-02 
15 28 2.307054262499784e-02 
15 29 2.307054262499782e-02 
15 30 2.307054262499782e-02 
15 31 -3.550230706177781e-01 
15 32 2.744312988013520e-01 
15 33 2.744312988013523e-01 
15 34 -3.550230706177781e-01 
15 43 2.307054262499784e-02 
15 44 2.307054262499782e-02 
15 45 2.307054262499784e-02 
15 46 2.307054262499782e-02 
15 59 2.307054262499784e-02 
15 60 2.307054262499782e-02 
15 61 2.307054262499784e-02 
15 62 2.307054262499782e-02 
15 127 5.175423860763045e-02 
15 128 5.175423860763047e-02 
15 129 -4.110629585763145e-02 
15 130 -4.110629585763147e-02 
15 131 5.175423860763047e-02 
15 132 -4.110629585763146e-02 
15 133 -4.110629585763148e-02 
15 134 5.175423860763047e-02 
15 135 5.175423860763045e-02 
15 136 5.175423860763047e-02 
15 137 -4.110629585763145e-02 
15 138 -4.110629585763147e-02 
15 139 5.175423860763047e-02 
15 140 -4.110629585763146e-02 
15 141 -4.110629585763148e-02 
15 142 5.175423860763047e-02 
15 143 4.766254952688982e-02 
15 144 7.009571612225002e-02 
15 145 -7.076858932803375e-03 
15 146 -9.921439144710675e-02 
15 147 -9.921439144710680e-02 
15 148 -7.076858932803485e-03 
15 149 7.009571612225007e-02 
15 150 4.766254952688993e-02 
15 191 5.175423860763045e-02 
15 192 -4.110629585763145e-02 
15 193 -4.110629585763147e-02 
15 194 5.175423860763047e-02 
15 195 5.175423860763047e-02 
15 196 -4.110629585763146e-02 
15 197 -4.110629585763148e-02 
15 198 5.175423860763047e-02 
15 271 5.175423860763045e-02 
15 272 -4.110629585763145e-02 
15 273 -4.110629585763147e-02 
15 274 5.175423860763047e-02 
15 275 5.175423860763047e-02 
15 276 -4.110629585763146e-02 
15 277 -4.110629585763148e-02 
15 278 5.175423860763047e-02 
16 43 -3.761904761904762e-01 
16 44 3.761904761904762e-01 
16 45 3.761904761904762e-01 
16 46 -3.761904761904762e-01 
16 175 5.555555555555556e-02 
16 176 5.555555555555556e-02 
16 177 -5.555555555555555e-02 
16 178 -5.555555555555557e-02 
16 179 -5.555555555555557e-02 
16 180 -5.555555555555557e-02 
16 181 5.555555555555555e-02 
16 182 5.555555555555557e-02 
16 183 5.555555555555556e-02 
16 184 5.555555555555556e-02 
16 185 -5.555555555555555e-02 
16 186 -5.555555555555557e-02 
16 187 -5.555555555555557e-02 
16 188 -5.555555555555557e-02 
16 189 5.555555555555555e-02 
16 190 5.555555555555557e-02 
16 191 5.813051530026359e-02 
16 192 5.323528076720797e-02 
16 193 -5.323528076720791e-02 
16 194 -5.813051530026360e-02 
16 195 -5.813051530026359e-02 
16 196 -5.323528076720797e-02 
16 197 5.323528076720792e-02 
16 198 5.813051530026359e-02 
16 215 5.813051530026359e-02 
16 216 -5.813051530026359e-02 
16 217 5.323528076720797e-02 
16 218 -5.323528076720791e-02 
16 219 -5.813051530026360e-02 
16 220 -5.323528076720797e-02 
16 221 5.323528076720792e-02 
16 222 5.813051530026359e-02 
16 295 5.555555555555556e-02 
16 296 -5.555555555555555e-02 
16 297 -5.555555555555555e-02 
16 298 5.555555555555555e-02 
16 299 5.555555555555557e-02 
16 300 -5.555555555555557e-02 
16 301 -5.555555555555557e-02 
16 302 5.555555555555557e-02 
17 59 -3.761904761904762e-01 
17 60 3.761904761904762e-01 
17 61 3.761904761904762e-01 
17 62 -3.761904761904762e-01 
17 255 5.555555555555556e-02 
17 256 5.555555555555556e-02 
17 257 -5.555555555555555e-02 
17 258 -5.555555555555557e-02 
17 259 -5.555555555555557e-02 
17 260 -5.555555555555557e-02 
17 261 5.555555555555555e-02 
17 262 5.555555555555557e-02 
17 263 5.555555555555556e-02 
17 264 5.555555555555556e-02 
17 265 -5.555555555555555e-02 
17 266 -5.555555555555557e-02 
17 267 -5.555555555555557e-02 
17 268 -5.555555555555557e-02 
17 269 5.555555555555555e-02 
17 270 5.555555555555557e-02 
17 271 5.813051530026359e-02 
17 272 5.323528076720797e-02 
17 273 -5.323528076720791e-02 
17 274 -5.813051530026360e-02 
17 275 -5.813051530026359e-02 
17 276 -5.323528076720797e-02 
17 277 5.323528076720792e-02 
17 278 5.813051530026359e-02 
17 295 5.555555555555556e-02 
17 296 -5.555555555555555e-02 
17 297 5.555555555555556e-02 
17 298 -5.555555555555557e-02 
17 299 -5.555555555555557e-02 
17 300 5.555555555555555e-02 
17 301 -5.555555555555557e-02 
17 302 5.555555555555557e-02 
17 327 5.813051530026359e-02 
17 328 -5.813051530026359e-02 
17 329 5.323528076720797e-02 
17 330 -5.323528076720791e-02 
17 331 -5.813051530026360e-02 
17 332 -5.323528076720797e-02 
17 333 5.323528076720792e-02 
17 334 5.813051530026359e-02 
18 0 4.340836148128964e-01 
18 1 -6.743697074999366e-02 
18 2 -6.743697074999368e-02 
18 3 -6.743697074999366e-02 
18 4 -6.743697074999368e-02 
18 5 -6.743697074999366e-02 
18 6 -6.743697074999368e-02 
18 7 -1.479170508592519e-01 
18 8 -1.479170508592517e-01 
18 9 -6.743697074999366e-02 
18 10 -6.743697074999368e-02 
18 35 2.307054262499784e-02 
18 36 2.307054262499784e-02 
18 37 2.307054262499782e-02 
18 38 2.307054262499782e-02 
18 39 2.307054262499784e-02 
18 40 2.307054262499784e-02 
18 41 2.307054262499782e-02 
18 42 2.307054262499782e-02 
18 43 2.307054262499784e-02 
18 44 2.307054262499784e-02 
18 45 2.307054262499782e-02 
18 46 2.307054262499782e-02 
18 47 -3.550230706177781e-01 
18 48 2.744312988013520e-01 
18 49 2.744312988013523e-01 
18 50 -3.550230706177781e-01 
18 63 2.307054262499784e-02 
18 64 2.307054262499782e-02 
18 65 2.307054262499784e-02 
18 66 2.307054262499782e-02 
18 199 5.175423860763045e-02 
18 200 5.175423860763047e-02 
18 201 -4.110629585763145e-02 
18 202 -4.110629585763147e-02 
18 203 5.175423860763047e-02 
18 204 -4.110629585763146e-02 
18 205 -4.110629585763148e-02 
18 206 5.175423860763047e-02 
18 207 5.175423860763045e-02 
18 208 5.175423860763047e-02 
18 209 -4.110629585763145e-02 
18 210 -4.110629585763147e-02 
18 211 5.175423860763047e-02 
18 212 -4.110629585763146e-02 
18 213 -4.110629585763148e-02 
18 214 5.175423860763047e-02 
18 215 5.175423860763045e-02 
18 216 5.175423860763047e-02 
18 217 -4.110629585763145e-02 
18 218 -4.110629585763147e-02 
18 219 5.175423860763047e-02 
18 220 -4.110629585763146e-02 
18 221 -4.110629585763148e-02 
18 222 5.175423860763047e-02 
18 223 4.766254952688982e-02 
18 224 7.009571612225002e-02 
18 225 -7.076858932803375e-03 
18 226 -9.921439144710675e-02 
18 227 -9.921439144710680e-02 
18 228 -7.076858932803485e-03 
18 229 7.009571612225007e-02 
18 230 4.766254952688993e-02 
18 303 5.175423860763045e-02 
18 304 -4.110629585763145e-02 
18 305 -4.110629585763147e-02 
18 306 5.175423860763047e-02 
18 307 5.175423860763047e-02 
18 308 -4.110629585763146e-02 
18 309 -4.110629585763148e-02 
18 310 5.175423860763047e-02 
19 63 -3.761904761904762e-01 
19 64 3.761904761904762e-01 
19 65 3.761904761904762e-01 
19 66 -3.761904761904762e-01 
19 279 5.555555555555556e-02 
19 280 5.555555555555556e-02 
19 281 -5.555555555555555e-02 
19 282 -5.555555555555557e-02 
19 283 -5.555555555555557e-02 
19 284 -5.555555555555557e-02 
19 285 5.555555555555555e-02 
19 286 5.555555555555557e-02 
19 287 5.555555555555556e-02 
19 288 5.555555555555556e-02 
19 289 -5.555555555555555e-02 
19 290 -5.555555555555557e-02 
19 291 -5.555555555555557e-02 
19 292 -5.555555555555557e-02 
19 293 5.555555555555555e-02 
19 294 5.555555555555557e-02 
19 295 5.555555555555556e-02 
19 296 5.555555555555556e-02 
19 297 -5.555555555555555e-02 
19 298 -5.555555555555557e-02 
19 299 -5.555555555555557e-02 
19 300 -5.555555555555557e-02 
19 301 5.555555555555555e-02 
19 302 5.555555555555557e-02 
19 303 5.813051530026359e-02 
19 304 5.323528076720797e-02 
19 305 -5.323528076720791e-02 
19 306 -5.813051530026360e-02 
19 307 -5.813051530026359e-02 
19 308 -5.323528076720797e-02 
19 309 5.323528076720792e-02 
19 310 5.813051530026359e-02 
19 335 5.813051530026359e-02 
19 336 -5.813051530026359e-02 
19 337 5.323528076720797e-02 
19 338 -5.323528076720791e-02 
19 339 -5.813051530026360e-02 
19 340 -5.323528076720797e-02 
19 341 5.323528076720792e-02 
19 342 5.813051530026359e-02 
20 0 4.340836148128964e-01 
20 1 -6.743697074999366e-02 
20 2 -6.743697074999368e-02 
20 3 -6.743697074999366e-02 
20 4 -6.743697074999368e-02 
20 5 -6.743697074999366e-02 
20 6 -6.743697074999368e-02 
20 7 -6.743697074999366e-02 
20 8 -6.743697074999368e-02 
20 9 -1.479170508592519e-01 
20 10 -1.479170508592517e-01 
20 51 2.307054262499784e-02 
20 52 2.307054262499784e-02 
20 53 2.307054262499782e-02 
20 54 2.307054262499782e-02 
20 55 2.307054262499784e-02 
20 56 2.307054262499784e-02 
20 57 2.307054262499782e-02 
20 58 2.307054262499782e-02 
20 59 2.307054262499784e-02 
20 60 2.307054262499784e-02 
20 61 2.307054262499782e-02 
20 62 2.307054262499782e-02 
20 63 2.307054262499784e-02 
20 64 2.307054262499784e-02 
20 65 2.307054262499782e-02 
20 66 2.307054262499782e-02 
20 67 -3.550230706177781e-01 
20 68 2.744312988013520e-01 
20 69 2.744312988013523e-01 
20 70 -3.550230706177781e-01 
20 311 5.175423860763045e-02 
20 312 5.175423860763047e-02 
20 313 -4.110629585763145e-02 
20 314 -4.110629585763147e-02 
20 315 5.175423860763047e-02 
20 316 -4.110629585763146e-02 
20 317 -4.110629585763148e-02 
20 318 5.175423860763047e-02 
20 319 5.175423860763045e-02 
20 320 5.175423860763047e-02 
20 321 -4.110629585763145e-02 
20 322 -4.110629585763147e-02 
20 323 5.175423860763047e-02 
20 324 -4.110629585763146e-02 
20 325 -4.110629585763148e-02 
20 326 5.175423860763047e-02 
20 327 5.175423860763045e-02 
20 328 5.175423860763047e-02 
20 329 -4.110629585763145e-02 
20 330 -4.110629585763147e-02 
20 331 5.175423860763047e-02 
20 332 -4.110629585763146e-02 
20 333 -4.110629585763148e-02 
20 334 5.175423860763047e-02 
20 335 5.175423860763045e-02 
20 336 5.175423860763047e-02 
20 337 -4.110629585763145e-02 
20 338 -4.110629585763147e-02 
20 339 5.175423860763047e-02 
20 340 -4.110629585763146e-02 
20 341 -4.110629585763148e-02 
20 342 5.175423860763047e-02 
20 343 4.766254952688982e-02 
20 344 7.009571612225002e-02 
20 345 -7.076858932803375e-03 
20 346 -9.921439144710675e-02 
20 347 -9.921439144710680e-02 
20 348 -7.076858932803485e-03 
20 349 7.009571612225007e-02 
20 350 4.766254952688993e-02 
21 1 -1.237562836967437e-01 
21 2 1.237562836967439e-01 
21 11 3.152586555852782e-01 
21 12 -5.026156833114835e-01 
21 13 5.026156833114833e-01 
21 14 -3.152586555852783e-01 
21 15 1.930220080478619e-02 
21 16 -1.930220080478621e-02 
21 17 1.930220080478619e-02 
21 18 -1.930220080478622e-02 
21 23 1.930220080478619e-02 
21 24 -1.930220080478621e-02 
21 25 1.930220080478619e-02 
21 26 -1.930220080478622e-02 
21 35 1.930220080478619e-02 
21 36 -1.930220080478621e-02 
21 37 1.930220080478619e-02 
21 38 -1.930220080478622e-02 
21 51 1.930220080478619e-02 
21 52 -1.930220080478621e-02 
21 53 1.930220080478619e-02 
21 54 -1.930220080478622e-02 
21 71 -5.307884412316206e-02 
21 72 -2.932422866663357e-02 
21 73 9.154548206945830e-02 
21 74 7.264221018228201e-02 
21 75 -7.264221018228199e-02 
21 76 -9.154548206945838e-02 
21 77 2.932422866663367e-02 
21 78 5.307884412316219e-02 
21 79 -4.595749694770467e-02 
21 80 7.528539591193906e-02 
21 81 -7.528539591193902e-02 
21 82 4.595749694770468e-02 
21 83 -4.595749694770468e-02 
21 84 7.528539591193907e-02 
21 85 -7.528539591193903e-02 
21 86 4.595749694770469e-02 
21 103 -4.595749694770467e-02 
21 104 7.528539591193906e-02 
21 105 -7.528539591193902e-02 
21 106 4.595749694770468e-02 
21 107 -4.595749694770468e-02 
21 108 7.528539591193907e-02 
21 109 -7.528539591193903e-02 
21 110 4.595749694770469e-02 
21 151 -4.595749694770467e-02 
21 152 7.528539591193906e-02 
21 153 -7.528539591193902e-02 
21 154 4.595749694770468e-02 
21 155 -4.595749694770468e-02 
21 156 7.528539591193907e-02 
21 157 -7.528539591193903e-02 
21 158 4.595749694770469e-02 
21 231 -4.595749694770467e-02 
21 232 7.528539591193906e-02 
21 233 -7.528539591193902e-02 
21 234 4.595749694770468e-02 
21 235 -4.595749694770468e-02 
21 236 7.528539591193907e-02 
21 237 -7.528539591193903e-02 
21 238 4.595749694770469e-02 
22 3 8.259308406823936e-02 
22 4 -8.259308406823936e-02 
22 15 -2.825552876018715e-02 
22 16 -2.825552876018713e-02 
22 17 2.825552876018715e-02 
22 18 2.825552876018713e-02 
22 79 -6.338573830747198e-02 
22 80 5.034472503353945e-02 
22 81 5.034472503353947e-02 
22 82 -6.338573830747199e-02 
22 83 6.338573830747198e-02 
22 84 -5.034472503353946e-02 
22 85 -5.034472503353948e-02 
22 86 6.338573830747199e-02 
23 5 8.259308406823936e-02 
23 6 -8.259308406823936e-02 
23 23 -2.825552876018715e-02 
23 24 -2.825552876018713e-02 
23 25 2.825552876018715e-02 
23 26 2.825552876018713e-02 
23 103 -6.338573830747198e-02 
23 104 5.034472503353945e-02 
23 105 5.034472503353947e-02 
23 106 -6.338573830747199e-02 
23 107 6.338573830747198e-02 
23 108 -5.034472503353946e-02 
23 109 -5.034472503353948e-02 
23 110 6.338573830747199e-02 
24 7 8.259308406823936e-02 
24 8 -8.259308406823936e-02 
24 35 -2.825552876018715e-02 
24 36 -2.825552876018713e-02 
24 37 2.825552876018715e-02 
24 38 2.825552876018713e-02 
24 151 -6.338573830747198e-02 
24 152 5.034472503353945e-02 
24 153 5.034472503353947e-02 
24 154 -6.338573830747199e-02 
24 155 6.338573830747198e-02 
24 156 -5.034472503353946e-02 
24 157 -5.034472503353948e-02 
24 158 6.338573830747199e-02 
25 9 8.259308406823936e-02 
25 10 -8.259308406823936e-02 
25 51 -2.825552876018715e-02 
25 52 -2.825552876018713e-02 
25 53 2.825552876018715e-02 
25 54 2.825552876018713e-02 
25 231 -6.338573830747198e-02 
25 232 5.034472503353945e-02 
25 233 5.034472503353947e-02 
25 234 -6.338573830747199e-02 
25 235 6.338573830747198e-02 
25 236 -5.034472503353946e-02 
25 237 -5.034472503353948e-02 
25 238 6.338573830747199e-02 
26 1 8.259308406823936e-02 
26 2 -8.259308406823936e-02 
26 15 -2.825552876018715e-02 
26 16 2.825552876018715e-02 
26 17 -2.825552876018713e-02 
26 18 2.825552876018713e-02 
26 87 -6.338573830747198e-02 
26 88 6.338573830747198e-02 
26 89 5.034472503353945e-02 
26 90 5.034472503353947e-02 
26 91 -6.338573830747199e-02 
26 92 -5.034472503353946e-02 
26 93 -5.034472503353948e-02 
26 94 6.338573830747199e-02 
27 111 -6.804138174397718e-02 
27 112 6.804138174397717e-02 
27 113 6.804138174397717e-02 
27 114 -6.804138174397717e-02 
27 115 6.804138174397718e-02 
27 116 -6.804138174397717e-02 
27 117 -6.804138174397717e-02 
27 118 6.804138174397718e-02 
28 159 -6.804138174397718e-02 
28 160 6.804138174397717e-02 
28 161 6.804138174397717e-02 
28 162 -6.804138174397717e-02 
28 163 6.804138174397718e-02 
28 164 -6.804138174397717e-02 
28 165 -6.804138174397717e-02 
28 166 6.804138174397718e-02 
29 239 -6.804138174397718e-02 
29 240 6.804138174397717e-02 
29 241 6.804138174397717e-02 
29 242 -6.804138174397717e-02 
29 243 6.804138174397718e-02 
29 244 -6.804138174397717e-02 
29 245 -6.804138174397717e-02 
29 246 6.804138174397718e-02 
30 1 8.259308406823936e-02 
30 2 -8.259308406823936e-02 
30 23 -2.825552876018715e-02 
30 24 2.825552876018715e-02 
30 25 -2.825552876018713e-02 
30 26 2.825552876018713e-02 
30 127 -6.338573830747198e-02 
30 128 6.338573830747198e-02 
30 129 5.034472503353945e-02 
30 130 5.034472503353947e-02 
30 131 -6.338573830747199e-02 
30 132 -5.034472503353946e-02 
30 133 -5.034472503353948e-02 
30 134 6.338573830747199e-02 
31 175 -6.804138174397718e-02 
31 176 6.804138174397717e-02 
31 177 6.804138174397717e-02 
31 178 -6.804138174397717e-02 
31 179 6.804138174397718e-02 
31 180 -6.804138174397717e-02 
31 181 -6.804138174397717e-02 
31 182 6.804138174397718e-02 
32 255 -6.804138174397718e-02 
32 256 6.804138174397717e-02 
32 257 6.804138174397717e-02 
32 258 -6.804138174397717e-02 
32 259 6.804138174397718e-02 
32 260 -6.804138174397717e-02 
32 261 -6.804138174397717e-02 
32 262 6.804138174397718e-02 
33 1 8.259308406823936e-02 
33 2 -8.259308406823936e-02 
33 35 -2.825552876018715e-02 
33 36 2.825552876018715e-02 
33 37 -2.825552876018713e-02 
33 38 2.825552876018713e-02 
33 199 -6.338573830747198e-02 
33 200 6.338573830747198e-02 
33 201 5.034472503353945e-02 
33 202 5.034472503353947e-02 
33 203 -6.338573830747199e-02 
33 204 -5.034472503353946e-02 
33 205 -5.034472503353948e-02 
33 206 6.338573830747199e-02 
34 279 -6.804138174397718e-02 
34 280 6.804138174397717e-02 
34 281 6.804138174397717e-02 
34 282 -6.804138174397717e-02 
34 283 6.804138174397718e-02 
34 284 -6.804138174397717e-02 
34 285 -6.804138174397717e-02 
34 286 6.804138174397718e-02 
35 1 8.259308406823936e-02 
35 2 -8.259308406823936e-02 
35 51 -2.825552876018715e-02 
35 52 2.825552876018715e-02 
35 53 -2.825552876018713e-02 
35 54 2.825552876018713e-02 
35 311 -6.338573830747198e-02 
35 312 6.338573830747198e-02 
35 313 5.034472503353945e-02 
35 314 5.034472503353947e-02 
35 315 -6.338573830747199e-02 
35 316 -5.034472503353946e-02 
35 317 -5.034472503353948e-02 
35 318 6.338573830747199e-02 
36 3 -1.237562836967437e-01 
36 4 1.237562836967439e-01 
36 15 1.930220080478619e-02 
36 16 1.930220080478619e-02 
36 17 -1.930220080478621e-02 
36 18 -1.930220080478622e-02 
36 19 3.152586555852782e-01 
36 20 -5.026156833114835e-01 
36 21 5.026156833114833e-01 
36 22 -3.152586555852783e-01 
36 27 1.930220080478619e-02 
36 28 -1.930220080478621e-02 
36 29 1.930220080478619e-02 
36 30 -1.930220080478622e-02 
36 39 1.930220080478619e-02 
36 40 -1.930220080478621e-02 
36 41 1.930220080478619e-02 
36 42 -1.930220080478622e-02 
36 55 1.930220080478619e-02 
36 56 -1.930220080478621e-02 
36 57 1.930220080478619e-02 
36 58 -1.930220080478622e-02 
36 87 -4.595749694770467e-02 
36 88 -4.595749694770468e-02 
36 89 7.528539591193906e-02 
36 90 -7.528539591193902e-02 
36 91 4.595749694770468e-02 
36 92 7.528539591193907e-02 
36 93 -7.528539591193903e-02 
36 94 4.595749694770469e-02 
36 95 -5.307884412316206e-02 
36 96 -2.932422866663357e-02 
36 97 9.154548206945830e-02 
36 98 7.264221018228201e-02 
36 99 -7.264221018228199e-02 
36 100 -9.154548206945838e-02 
36 101 2.932422866663367e-02 
36 102 5.307884412316219e-02 
36 119 -4.595749694770467e-02 
36 120 7.528539591193906e-02 
36 121 -7.528539591193902e-02 
36 122 4.595749694770468e-02 
36 123 -4.595749694770468e-02 
36 124 7.528539591193907e-02 
36 125 -7.528539591193903e-02 
36 126 4.595749694770469e-02 
36 167 -4.595749694770467e-02 
36 168 7.528539591193906e-02 
36 169 -7.528539591193902e-02 
36 170 4.595749694770468e-02 
36 171 -4.595749694770468e-02 
36 172 7.528539591193907e-02 
36 173 -7.528539591193903e-02 
36 174 4.595749694770469e-02 
36 247 -4.595749694770467e-02 
36 248 7.528539591193906e-02 
36 249 -7.528539591193902e-02 
36 250 4.595749694770468e-02 
36 251 -4.595749694770468e-02 
36 252 7.528539591193907e-02 
36 253 -7.528539591193903e-02 
36 254 4.595749694770469e-02 
37 5 8.259308406823936e-02 
37 6 -8.259308406823936e-02 
37 27 -2.825552876018715e-02 
37 28 -2.825552876018713e-02 
37 29 2.825552876018715e-02 
37 30 2.825552876018713e-02 
37 119 -6.338573830747198e-02 
37 120 5.034472503353945e-02 
37 121 5.034472503353947e-02 
37 122 -6.338573830747199e-02 
37 123 6.338573830747198e-02 
37 124 -5.034472503353946e-02 
37 125 -5.034472503353948e-02 
37 126 6.338573830747199e-02 
38 7 8.259308406823936e-02 
38 8 -8.259308406823936e-02 
38 39 -2.825552876018715e-02 
38 40 -2.825552876018713e-02 
38 41 2.825552876018715e-02 
38 42 2.825552876018713e-02 
38 167 -6.338573830747198e-02 
38 168 5.034472503353945e-02 
38 169 5.034472503353947e-02 
38 170 -6.338573830747199e-02 
38 171 6.338573830747198e-02 
38 172 -5.034472503353946e-02 
38 173 -5.034472503353948e-02 
38 174 6.338573830747199e-02 
39 9 8.259308406823936e-02 
39 10 -8.259308406823936e-02 
39 55 -2.825552876018715e-02 
39 56 -2.825552876018713e-02 
39 57 2.825552876018715e-02 
39 58 2.825552876018713e-02 
39 247 -6.338573830747198e-02 
39 248 5.034472503353945e-02 
39 249 5.034472503353947e-02 
39 250 -6.338573830747199e-02 
39 251 6.338573830747198e-02 
39 252 -5.034472503353946e-02 
39 253 -5.034472503353948e-02 
39 254 6.338573830747199e-02 
40 3 8.259308406823936e-02 
40 4 -8.259308406823936e-02 
40 27 -2.825552876018715e-02 
40 28 2.825552876018715e-02 
40 29 -2.825552876018713e-02 
40 30 2.825552876018713e-02 
40 135 -6.338573830747198e-02 
40 136 6.338573830747198e-02 
40 137 5.034472503353945e-02 
40 138 5.034472503353947e-02 
40 139 -6.338573830747199e-02 
40 140 -5.034472503353946e-02 
40 141 -5.034472503353948e-02 
40 142 6.338573830747199e-02 
41 183 -6.804138174397718e-02 
41 184 6.804138174397717e-02 
41 185 6.804138174397717e-02 
41 186 -6.804138174397717e-02 
41 187 6.804138174397718e-02 
41 188 -6.804138174397717e-02 
41 189 -6.804138174397717e-02 
41 190 6.804138174397718e-02 
42 263 -6.804138174397718e-02 
42 264 6.804138174397717e-02 
42 265 6.804138174397717e-02 
42 266 -6.804138174397717e-02 
42 267 6.804138174397718e-02 
42 268 -6.804138174397717e-02 
42 269 -6.804138174397717e-02 
42 270 6.804138174397718e-02 
43 3 8.259308406823936e-02 
43 4 -8.259308406823936e-02 
43 39 -2.825552876018715e-02 
43 40 2.825552876018715e-02 
43 41 -2.825552876018713e-02 
43 42 2.825552876018713e-02 
43 207 -6.338573830747198e-02 
43 208 6.338573830747198e-02 
43 209 5.034472503353945e-02 
43 210 5.034472503353947e-02 
43 211 -6.338573830747199e-02 
43 212 -5.034472503353946e-02 
43 213 -5.034472503353948e-02 
43 214 6.338573830747199e-02 
44 287 -6.804138174397718e-02 
44 288 6.804138174397717e-02 
44 289 6.804138174397717e-02 
44 290 -6.804138174397717e-02 
44 291 6.804138174397718e-02 
44 292 -6.804138174397717e-02 
44 293 -6.804138174397717e-02 
44 294 6.804138174397718e-02 
45 3 8.259308406823936e-02 
45 4 -8.259308406823936e-02 
45 55 -2.825552876018715e-02 
45 56 2.825552876018715e-02 
45 57 -2.825552876018713e-02 
45 58 2.825552876018713e-02 
45 319 -6.338573830747198e-02 
45 320 6.338573830747198e-02 
45 321 5.034472503353945e-02 
45 322 5.034472503353947e-02 
45 323 -6.338573830747199e-02 
45 324 -5.034472503353946e-02 
45 325 -5.034472503353948e-02 
45 326 6.338573830747199e-02 
46 5 -1.237562836967437e-01 
46 6 1.237562836967439e-01 
46 23 1.930220080478619e-02 
46 24 1.930220080478619e-02 
46 25 -1.930220080478621e-02 
46 26 -1.930220080478622e-02 
46 27 1.930220080478619e-02 
46 28 1.930220080478619e-02 
46 29 -1.930220080478621e-02 
46 30 -1.930220080478622e-02 
46 31 3.152586555852782e-01 
46 32 -5.026156833114835e-01 
46 33 5.026156833114833e-01 
46 34 -3.152586555852783e-01 
46 43 1.930220080478619e-02 
46 44 -1.930220080478621e-02 
46 45 1.930220080478619e-02 
46 46 -1.930220080478622e-02 
46 59 1.930220080478619e-02 
46 60 -1.930220080478621e-02 
46 61 1.930220080478619e-02 
46 62 -1.930220080478622e-02 
46 127 -4.595749694770467e-02 
46 128 -4.595749694770468e-02 
46 129 7.528539591193906e-02 
46 130 -7.528539591193902e-02 
46 131 4.595749694770468e-02 
46 132 7.528539591193907e-02 
46 133 -7.528539591193903e-02 
46 134 4.595749694770469e-02 
46 135 -4.595749694770467e-02 
46 136 -4.595749694770468e-02 
46 137 7.528539591193906e-02 
46 138 -7.528539591193902e-02 
46 139 4.595749694770468e-02 
46 140 7.528539591193907e-02 
46 141 -7.528539591193903e-02 
46 142 4.595749694770469e-02 
46 143 -5.307884412316206e-02 
46 144 -2.932422866663357e-02 
46 145 9.154548206945830e-02 
46 146 7.264221018228201e-02 
46 147 -7.264221018228199e-02 
46 148 -9.154548206945838e-02 
46 149 2.932422866663367e-02 
46 150 5.307884412316219e-02 
46 191 -4.595749694770467e-02 
46 192 7.528539591193906e-02 
46 193 -7.528539591193902e-02 
46 194 4.595749694770468e-02 
46 195 -4.595749694770468e-02 
46 196 7.528539591193907e-02 
46 197 -7.528539591193903e-02 
46 198 4.595749694770469e-02 
46 271 -4.595749694770467e-02 
46 272 7.528539591193906e-02 
46 273 -7.528539591193902e-02 
46 274 4.595749694770468e-02 
46 275 -4.595749694770468e-02 
46 276 7.528539591193907e-02 
46 277 -7.528539591193903e-02 
46 278 4.595749694770469e-02 
47 7 8.259308406823936e-02 
47 8 -8.259308406823936e-02 
47 43 -2.825552876018715e-02 
47 44 -2.825552876018713e-02 
47 45 2.825552876018715e-02 
47 46 2.825552876018713e-02 
47 191 -6.338573830747198e-02 
47 192 5.034472503353945e-02 
47 193 5.034472503353947e-02 
47 194 -6.338573830747199e-02 
47 195 6.338573830747198e-02 
47 196 -5.034472503353946e-02 
47 197 -5.034472503353948e-02 
47 198 6.338573830747199e-02 
48 9 8.259308406823936e-02 
48 10 -8.259308406823936e-02 
48 59 -2.825552876018715e-02 
48 60 -2.825552876018713e-02 
48 61 2.825552876018715e-02 
48 62 2.825552876018713e-02 
48 271 -6.338573830747198e-02 
48 272 5.034472503353945e-02 
48 273 5.034472503353947e-02 
48 274 -6.338573830747199e-02 
48 275 6.338573830747198e-02 
48 276 -5.034472503353946e-02 
48 277 -5.034472503353948e-02 
48 278 6.338573830747199e-02 
49 5 8.259308406823936e-02 
49 6 -8.259308406823936e-02 
49 43 -2.825552876018715e-02 
49 44 2.825552876018715e-02 
49 45 -2.825552876018713e-02 
49 46 2.825552876018713e-02 
49 215 -6.338573830747198e-02 
49 216 6.338573830747198e-02 
49 217 5.034472503353945e-02 
49 218 5.034472503353947e-02 
49 219 -6.338573830747199e-02 
49 220 -5.034472503353946e-02 
49 221 -5.034472503353948e-02 
49 222 6.338573830747199e-02 
50 295 -6.804138174397718e-02 
50 296 6.804138174397717e-02 
50 297 6.804138174397717e-02 
50 298 -6.804138174397717e-02 
50 299 6.804138174397718e-02 
50 300 -6.804138174397717e-02 
50 301 -6.804138174397717e-02 
50 302 6.804138174397718e-02 
51 5 8.259308406823936e-02 
51 6 -8.259308406823936e-02 
51 59 -2.825552876018715e-02 
51 60 2.825552876018715e-02 
51 61 -2.825552876018713e-02 
51 62 2.825552876018713e-02 
51 327 -6.338573830747198e-02 
51 328 6.338573830747198e-02 
51 329 5.034472503353945e-02 
51 330 5.034472503353947e-02 
51 331 -6.338573830747199e-02 
51 332 -5.034472503353946e-02 
51 333 -5.034472503353948e-02 
51 334 6.338573830747199e-02 
52 7 -1.237562836967437e-01 
52 8 1.237562836967439e-01 
52 35 1.930220080478619e-02 
52 36 1.930220080478619e-02 
52 37 -1.930220080478621e-02 
52 38 -1.930220080478622e-02 
52 39 1.930220080478619e-02 
52 40 1.930220080478619e-02 
52 41 -1.930220080478621e-02 
52 42 -1.930220080478622e-02 
52 43 1.930220080478619e-02 
52 44 1.930220080478619e-02 
52 45 -1.930220080478621e-02 
52 46 -1.930220080478622e-02 
52 47 3.152586555852782e-01 
52 48 -5.026156833114835e-01 
52 49 5.026156833114833e-01 
52 50 -3.152586555852783e-01 
52 63 1.930220080478619e-02 
52 64 -1.930220080478621e-02 
52 65 1.930220080478619e-02 
52 66 -1.930220080478622e-02 
52 199 -4.595749694770467e-02 
52 200 -4.595749694770468e-02 
52 201 7.528539591193906e-02 
52 202 -7.528539591193902e-02 
52 203 4.595749694770468e-02 
52 204 7.528539591193907e-02 
52 205 -7.528539591193903e-02 
52 206 4.595749694770469e-02 
52 207 -4.595749694770467e-02 
52 208 -4.595749694770468e-02 
52 209 7.528539591193906e-02 
52 210 -7.528539591193902e-02 
52 211 4.595749694770468e-02 
52 212 7.528539591193907e-02 
52 213 -7.528539591193903e-02 
52 214 4.595749694770469e-02 
52 215 -4.595749694770467e-02 
52 216 -4.595749694770468e-02 
52 217 7.528539591193906e-02 
52 218 -7.528539591193902e-02 
52 219 4.595749694770468e-02 
52 220 7.528539591193907e-02 
52 221 -7.528539591193903e-02 
52 222 4.595749694770469e-02 
52 223 -5.307884412316206e-02 
52 224 -2.932422866663357e-02 
52 225 9.154548206945830e-02 
52 226 7.264221018228201e-02 
52 227 -7.264221018228199e-02 
52 228 -9.154548206945838e-02 
52 229 2.932422866663367e-02 
52 230 5.307884412316219e-02 
52 303 -4.595749694770467e-02 
52 304 7.528539591193906e-02 
52 305 -7.528539591193902e-02 
52 306 4.595749694770468e-02 
52 307 -4.595749694770468e-02 
52 308 7.528539591193907e-02 
52 309 -7.528539591193903e-02 
52 310 4.595749694770469e-02 
53 9 8.259308406823936e-02 
53 10 -8.259308406823936e-02 
53 63 -2.825552876018715e-02 
53 64 -2.825552876018713e-02 
53 65 2.825552876018715e-02 
53 66 2.825552876018713e-02 
53 303 -6.338573830747198e-02 
53 304 5.034472503353945e-02 
53 305 5.034472503353947e-02 
53 306 -6.338573830747199e-02 
53 307 6.338573830747198e-02 
53 308 -5.034472503353946e-02 
53 309 -5.034472503353948e-02 
53 310 6.338573830747199e-02 
54 7 8.259308406823936e-02 
54 8 -8.259308406823936e-02 
54 63 -2.825552876018715e-02 
54 64 2.825552876018715e-02 
54 65 -2.825552876018713e-02 
54 66 2.825552876018713e-02 
54 335 -6.338573830747198e-02 
54 336 6.338573830747198e-02 
54 337 5.034472503353945e-02 
54 338 5.034472503353947e-02 
54 339 -6.338573830747199e-02 
54 340 -5.034472503353946e-02 
54 341 -5.034472503353948e-02 
54 342 6.338573830747199e-02 
55 9 -1.237562836967437e-01 
55 10 1.237562836967438e-01 
55 51 1.930220080478619e-02 
55 52 1.930220080478619e-02 
55 53 -1.930220080478621e-02 
55 54 -1.930220080478622e-02 
55 55 1.930220080478619e-02 
55 56 1.930220080478619e-02 
55 57 -1.930220080478621e-02 
55 58 -1.930220080478622e-02 
55 59 1.930220080478619e-02 
55 60 1.930220080478619e-02 
55 61 -1.930220080478621e-02 
55 62 -1.930220080478622e-02 
55 63 1.930220080478619e-02 
55 64 1.930220080478619e-02 
55 65 -1.930220080478621e-02 
55 66 -1.930220080478622e-02 
55 67 3.152586555852782e-01 
55 68 -5.026156833114835e-01 
55 69 5.026156833114833e-01 
55 70 -3.152586555852783e-01 
55 311 -4.595749694770467e-02 
55 312 -4.595749694770468e-02 
55 313 7.528539591193906e-02 
55 314 -7.528539591193902e-02 
55 315 4.595749694770468e-02 
55 316 7.528539591193907e-02 
55 317 -7.528539591193903e-02 
55 318 4.595749694770469e-02 
55 319 -4.595749694770467e-02 
55 320 -4.595749694770468e-02 
55 321 7.528539591193906e-02 
55 322 -7.528539591193902e-02 
55 323 4.595749694770468e-02 
55 324 7.528539591193907e-02 
55 325 -7.528539591193903e-02 
55 326 4.595749694770469e-02 
55 327 -4.595749694770467e-02 
55 328 -4.595749694770468e-02 
55 329 7.528539591193906e-02 
55 330 -7.528539591193902e-02 
55 331 4.595749694770468e-02 
55 332 7.528539591193907e-02 
55 333 -7.528539591193903e-02 
55 334 4.595749694770469e-02 
55 335 -4.595749694770467e-02 
55 336 -4.595749694770468e-02 
55 337 7.528539591193906e-02 
55 338 -7.528539591193902e-02 
55 339 4.595749694770468e-02 
55 340 7.528539591193907e-02 
55 341 -7.528539591193903e-02 
55 342 4.595749694770469e-02 
55 343 -5.307884412316206e-02 
55 344 -2.932422866663357e-02 
55 345 9.154548206945830e-02 
55 346 7.264221018228201e-02 
55 347 -7.264221018228199e-02 
55 348 -9.154548206945838e-02 
55 349 2.932422866663367e-02 
55 350 5.307884412316219e-02 
56 0 1.060689310689311e-01 
56 1 -7.989718614718615e-02 
56 2 -7.989718614718613e-02 
56 11 3.668707986793512e-02 
56 12 -2.092575785661316e-02 
56 13 -2.092575785661306e-02 
56 14 3.668707986793512e-02 
56 71 5.534175913502770e-02 
56 72 -2.215051556695042e-02 
56 73 -9.380112229839793e-02 
56 74 7.171127733171913e-02 
56 75 7.171127733171920e-02 
56 76 -9.380112229839785e-02 
56 77 -2.215051556695029e-02 
56 78 5.534175913502784e-02 
57 15 -2.364027144223249e-02 
57 16 2.364027144223252e-02 
57 17 2.364027144223249e-02 
57 18 -2.364027144223252e-02 
57 79 5.628620868869591e-02 
57 80 -9.220540253383266e-02 
57 81 9.220540253383262e-02 
57 82 -5.628620868869592e-02 
57 83 -5.628620868869591e-02 
57 84 9.220540253383266e-02 
57 85 -9.220540253383262e-02 
57 86 5.628620868869592e-02 
58 23 -2.364027144223249e-02 
58 24 2.364027144223252e-02 
58 25 2.364027144223249e-02 
58 26 -2.364027144223252e-02 
58 103 5.628620868869591e-02 
58 104 -9.220540253383266e-02 
58 105 9.220540253383262e-02 
58 106 -5.628620868869592e-02 
58 107 -5.628620868869591e-02 
58 108 9.220540253383266e-02 
58 109 -9.220540253383262e-02 
58 110 5.628620868869592e-02 
59 35 -2.364027144223249e-02 
59 36 2.364027144223252e-02 
59 37 2.364027144223249e-02 
59 38 -2.364027144223252e-02 
59 151 5.628620868869591e-02 
59 152 -9.220540253383266e-02 
59 153 9.220540253383262e-02 
59 154 -5.628620868869592e-02 
59 155 -5.628620868869591e-02 
59 156 9.220540253383266e-02 
59 157 -9.220540253383262e-02 
59 158 5.628620868869592e-02 
60 51 -2.364027144223249e-02 
60 52 2.364027144223252e-02 
60 53 2.364027144223249e-02 
60 54 -2.364027144223252e-02 
60 231 5.628620868869591e-02 
60 232 -9.220540253383266e-02 
60 233 9.220540253383262e-02 
60 234 -5.628620868869592e-02 
60 235 -5.628620868869591e-02 
60 236 9.220540253383266e-02 
60 237 -9.220540253383262e-02 
60 238 5.628620868869592e-02 
61 15 -2.364027144223249e-02 
61 16 2.364027144223249e-02 
61 17 2.364027144223252e-02 
61 18 -2.364027144223252e-02 
61 87 5.628620868869591e-02 
61 88 -5.628620868869591e-02 
61 89 -9.220540253383266e-02 
61 90 9.220540253383262e-02 
61 91 -5.628620868869592e-02 
61 92 9.220540253383266e-02 
61 93 -9.220540253383262e-02 
61 94 5.628620868869592e-02 
62 23 -2.364027144223249e-02 
62 24 2.364027144223249e-02 
62 25 2.364027144223252e-02 
62 26 -2.364027144223252e-02 
62 127 5.628620868869591e-02 
62 128 -5.628620868869591e-02 
62 129 -9.220540253383266e-02 
62 130 9.220540253383262e-02 
62 131 -5.628620868869592e-02 
62 132 9.220540253383266e-02 
62 133 -9.220540253383262e-02 
62 134 5.628620868869592e-02 
63 35 -2.364027144223249e-02 
63 36 2.364027144223249e-02 
63 37 2.364027144223252e-02 
63 38 -2.364027144223252e-02 
63 199 5.628620868869591e-02 
63 200 -5.628620868869591e-02 
63 201 -9.220540253383266e-02 
63 202 9.220540253383262e-02 
63 203 -5.628620868869592e-02 
63 204 9.220540253383266e-02 
63 205 -9.220540253383262e-02 
63 206 5.628620868869592e-02 
64 51 -2.364027144223249e-02 
64 52 2.364027144223249e-02 
64 53 2.364027144223252e-02 
64 54 -2.364027144223252e-02 
64 311 5.628620868869591e-02 
64 312 -5.628620868869591e-02 
64 313 -9.220540253383266e-02 
64 314 9.220540253383262e-02 
64 315 -5.628620868869592e-02 
64 316 9.220540253383266e-02 
64 317 -9.220540253383262e-02 
64 318 5.628620868869592e-02 
65 0 1.060689310689311e-01 
65 3 -7.989718614718615e-02 
65 4 -7.989718614718613e-02 
65 19 3.668707986793512e-02 
65 20 -2.092575785661316e-02 
65 21 -2.092575785661306e-02 
65 22 3.668707986793512e-02 
65 95 5.534175913502770e-02 
65 96 -2.215051556695042e-02 
65 97 -9.380112229839793e-02 
65 98 7.171127733171913e-02 
65 99 7.171127733171920e-02 
65 100 -9.380112229839785e-02 
65 101 -2.215051556695029e-02 
65 102 5.534175913502784e-02 
66 27 -2.364027144223249e-02 
66 28 2.364027144223252e-02 
66 29 2.364027144223249e-02 
66 30 -2.364027144223252e-02 
66 119 5.628620868869591e-02 
66 120 -9.220540253383266e-02 
66 121 9.220540253383262e-02 
66 122 -5.628620868869592e-02 
66 123 -5.628620868869591e-02 
66 124 9.220540253383266e-02 
66 125 -9.220540253383262e-02 
66 126 5.628620868869592e-02 
67 39 -2.364027144223249e-02 
67 40 2.364027144223252e-02 
67 41 2.364027144223249e-02 
67 42 -2.364027144223252e-02 
67 167 5.628620868869591e-02 
67 168 -9.220540253383266e-02 
67 169 9.220540253383262e-02 
67 170 -5.628620868869592e-02 
67 171 -5.628620868869591e-02 
67 172 9.220540253383266e-02 
67 173 -9.220540253383262e-02 
67 174 5.628620868869592e-02 
68 55 -2.364027144223249e-02 
68 56 2.364027144223252e-02 
68 57 2.364027144223249e-02 
68 58 -2.364027144223252e-02 
68 247 5.628620868869591e-02 
68 248 -9.220540253383266e-02 
68 249 9.220540253383262e-02 
68 250 -5.628620868869592e-02 
68 251 -5.628620868869591e-02 
68 252 9.220540253383266e-02 
68 253 -9.220540253383262e-02 
68 254 5.628620868869592e-02 
69 27 -2.364027144223249e-02 
69 28 2.364027144223249e-02 
69 29 2.364027144223252e-02 
69 30 -2.364027144223252e-02 
69 135 5.628620868869591e-02 
69 136 -5.628620868869591e-02 
69 137 -9.220540253383266e-02 
69 138 9.220540253383262e-02 
69 139 -5.628620868869592e-02 
69 140 9.220540253383266e-02 
69 141 -9.220540253383262e-02 
69 142 5.628620868869592e-02 
70 39 -2.364027144223249e-02 
70 40 2.364027144223249e-02 
70 41 2.364027144223252e-02 
70 42 -2.364027144223252e-02 
70 207 5.628620868869591e-02 
70 208 -5.628620868869591e-02 
70 209 -9.220540253383266e-02 
70 210 9.220540253383262e-02 
70 211 -5.628620868869592e-02 
70 212 9.220540253383266e-02 
70 213 -9.220540253383262e-02 
70 214 5.628620868869592e-02 
71 55 -2.364027144223249e-02 
71 56 2.364027144223249e-02 
71 57 2.364027144223252e-02 
71 58 -2.364027144223252e-02 
71 319 5.628620868869591e-02 
71 320 -5.628620868869591e-02 
71 321 -9.220540253383266e-02 
71 322 9.220540253383262e-02 
71 323 -5.628620868869592e-02 
71 324 9.220540253383266e-02 
71 325 -9.220540253383262e-02 
71 326 5.628620868869592e-02 
72 0 1.060689310689311e-01 
72 5 -7.989718614718615e-02 
72 6 -7.989718614718613e-02 
72 31 3.668707986793512e-02 
72 32 -2.092575785661316e-02 
72 33 -2.092575785661306e-02 
72 34 3.668707986793512e-02 
72 143 5.534175913502770e-02 
72 144 -2.215051556695042e-02 
72 145 -9.380112229839793e-02 
72 146 7.171127733171913e-02 
72 147 7.171127733171920e-02 
72 148 -9.380112229839785e-02 
72 149 -2.215051556695029e-02 
72 150 5.534175913502784e-02 
73 43 -2.364027144223249e-02 
73 44 2.364027144223252e-02 
73 45 2.364027144223249e-02 
73 46 -2.364027144223252e-02 
73 191 5.628620868869591e-02 
73 192 -9.220540253383266e-02 
73 193 9.220540253383262e-02 
73 194 -5.628620868869592e-02 
73 195 -5.628620868869591e-02 
73 196 9.220540253383266e-02 
73 197 -9.220540253383262e-02 
73 198 5.628620868869592e-02 
74 59 -2.364027144223249e-02 
74 60 2.364027144223252e-02 
74 61 2.364027144223249e-02 
74 62 -2.364027144223252e-02 
74 271 5.628620868869591e-02 
74 272 -9.220540253383266e-02 
74 273 9.220540253383262e-02 
74 274 -5.628620868869592e-02 
74 275 -5.628620868869591e-02 
74 276 9.220540253383266e-02 
74 277 -9.220540253383262e-02 
74 278 5.628620868869592e-02 
75 43 -2.364027144223249e-02 
75 44 2.364027144223249e-02 
75 45 2.364027144223252e-02 
75 46 -2.364027144223252e-02 
75 215 5.628620868869591e-02 
75 216 -5.628620868869591e-02 
75 217 -9.220540253383266e-02 
75 218 9.220540253383262e-02 
75 219 -5.628620868869592e-02 
75 220 9.220540253383266e-02 
75 221 -9.220540253383262e-02 
75 222 5.628620868869592e-02 
76 59 -2.364027144223249e-02 
76 60 2.364027144223249e-02 
76 61 2.364027144223252e-02 
76 62 -2.364027144223252e-02 
76 327 5.628620868869591e-02 
76 328 -5.628620868869591e-02 
76 329 -9.220540253383266e-02 
76 330 9.220540253383262e-02 
76 331 -5.628620868869592e-02 
76 332 9.220540253383266e-02 
76 333 -9.220540253383262e-02 
76 334 5.628620868869592e-02 
77 0 1.060689310689311e-01 
77 7 -7.989718614718615e-02 
77 8 -7.989718614718613e-02 
77 47 3.668707986793512e-02 
77 48 -2.092575785661316e-02 
77 49 -2.092575785661306e-02 
77 50 3.668707986793512e-02 
77 223 5.534175913502770e-02 
77 224 -2.215051556695042e-02 
77 225 -9.380112229839793e-02 
77 226 7.171127733171913e-02 
77 227 7.171127733171920e-02 
77 228 -9.380112229839785e-02 
77 229 -2.215051556695029e-02 
77 230 5.534175913502784e-02 
78 63 -2.364027144223249e-02 
78 64 2.364027144223252e-02 
78 65 2.364027144223249e-02 
78 66 -2.364027144223252e-02 
78 303 5.628620868869591e-02 
78 304 -9.220540253383266e-02 
78 305 9.220540253383262e-02 
78 306 -5.628620868869592e-02 
78 307 -5.628620868869591e-02 
78 308 9.220540253383266e-02 
78 309 -9.220540253383262e-02 
78 310 5.628620868869592e-02 
79 63 -2.364027144223249e-02 
79 64 2.364027144223249e-02 
79 65 2.364027144223252e-02 
79 66 -2.364027144223252e-02 
79 335 5.628620868869591e-02 
79 336 -5.628620868869591e-02 
79 337 -9.220540253383266e-02 
79 338 9.220540253383262e-02 
79 339 -5.628620868869592e-02 
79 340 9.220540253383266e-02 
79 341 -9.220540253383262e-02 
79 342 5.628620868869592e-02 
80 0 1.060689310689311e-01 
80 9 -7.989718614718615e-02 
80 10 -7.989718614718613e-02 
80 67 3.668707986793512e-02 
80 68 -2.092575785661316e-02 
80 69 -2.092575785661306e-02 
80 70 3.668707986793512e-02 
80 343 5.534175913502770e-02 
80 344 -2.215051556695042e-02 
80 345 -9.380112229839793e-02 
80 346 7.171127733171913e-02 
80 347 7.171127733171920e-02 
80 348 -9.380112229839785e-02 
80 349 -2.215051556695029e-02 
80 350 5.534175913502784e-02 
81 1 8.167650459224667e-02 
81 2 -8.167650459224658e-02 
81 11 -1.489826356920818e-02 
81 12 -8.401624150750370e-02 
81 13 8.401624150750372e-02 
81 14 1.489826356920818e-02 
81 71 -5.478233595596517e-02 
81 72 6.605821644904744e-02 
81 73 1.189711425057427e-02 
81 74 -1.006895627971544e-01 
81 75 1.006895627971543e-01 
81 76 -1.189711425057403e-02 
81 77 -6.605821644904734e-02 
81 78 5.478233595596530e-02 
82 3 8.167650459224667e-02 
82 4 -8.167650459224658e-02 
82 19 -1.489826356920818e-02 
82 20 -8.401624150750370e-02 
82 21 8.401624150750372e-02 
82 22 1.489826356920818e-02 
82 95 -5.478233595596517e-02 
82 96 6.605821644904744e-02 
82 97 1.189711425057427e-02 
82 98 -1.006895627971544e-01 
82 99 1.006895627971543e-01 
82 100 -1.189711425057403e-02 
82 101 -6.605821644904734e-02 
82 102 5.478233595596530e-02 
83 5 8.167650459224667e-02 
83 6 -8.167650459224658e-02 
83 31 -1.489826356920818e-02 
83 32 -8.401624150750370e-02 
83 33 8.401624150750372e-02 
83 34 1.489826356920818e-02 
83 143 -5.478233595596517e-02 
83 144 6.605821644904744e-02 
83 145 1.189711425057427e-02 
83 146 -1.006895627971544e-01 
83 147 1.006895627971543e-01 
83 148 -1.189711425057403e-02 
83 149 -6.605821644904734e-02 
83 150 5.478233595596530e-02 
84 7 8.167650459224667e-02 
84 8 -8.167650459224658e-02 
84 47 -1.489826356920818e-02 
84 48 -8.401624150750370e-02 
84 49 8.401624150750372e-02 
84 50 1.489826356920818e-02 
84 223 -5.478233595596517e-02 
84 224 6.605821644904744e-02 
84 225 1.189711425057427e-02 
84 226 -1.006895627971544e-01 
84 227 1.006895627971543e-01 
84 228 -1.189711425057403e-02 
84 229 -6.605821644904734e-02 
84 230 5.478233595596530e-02 
85 9 8.167650459224667e-02 
85 10 -8.167650459224658e-02 
85 67 -1.489826356920818e-02 
85 68 -8.401624150750370e-02 
85 69 8.401624150750372e-02 
85 70 1.489826356920818e-02 
85 343 -5.478233595596517e-02 
85 344 6.605821644904744e-02 
85 345 1.189711425057427e-02 
85 346 -1.006895627971544e-01 
85 347 1.006895627971543e-01 
85 348 -1.189711425057403e-02 
85 349 -6.605821644904734e-02 
85 350 5.478233595596530e-02 
86 0 -1.062324915840796e-01 
86 1 -3.508586299333624e-02 
86 2 -3.508586299333610e-02 
86 11 -9.311001803104946e-03 
86 12 8.503760901618050e-02 
86 13 8.503760901618039e-02 
86 14 -9.311001803104946e-03 
86 71 5.165854715642384e-02 
86 72 -8.728403622012730e-02 
86 73 8.077238106192486e-02 
86 74 -3.267139042592111e-02 
86 75 -3.267139042592120e-02 
86 76 8.077238106192504e-02 
86 77 -8.728403622012730e-02 
86 78 5.165854715642397e-02 
87 0 -1.062324915840796e-01 
87 3 -3.508586299333624e-02 
87 4 -3.508586299333610e-02 
87 19 -9.311001803104946e-03 
87 20 8.503760901618050e-02 
87 21 8.503760901618039e-02 
87 22 -9.311001803104946e-03 
87 95 5.165854715642384e-02 
87 96 -8.728403622012730e-02 
87 97 8.077238106192486e-02 
87 98 -3.267139042592111e-02 
87 99 -3.267139042592120e-02 
87 100 8.077238106192504e-02 
87 101 -8.728403622012730e-02 
87 102 5.165854715642397e-02 
88 0 -1.062324915840796e-01 
88 5 -3.508586299333624e-02 
88 6 -3.508586299333610e-02 
88 31 -9.311001803104946e-03 
88 32 8.503760901618050e-02 
88 33 8.503760901618039e-02 
88 34 -9.311001803104946e-03 
88 143 5.165854715642384e-02 
88 144 -8.728403622012730e-02 
88 145 8.077238106192486e-02 
88 146 -3.267139042592111e-02 
88 147 -3.267139042592120e-02 
88 148 8.077238106192504e-02 
88 149 -8.728403622012730e-02 
88 150 5.165854715642397e-02 
89 0 -1.062324915840796e-01 
89 7 -3.508586299333624e-02 
89 8 -3.508586299333610e-02 
89 47 -9.311001803104946e-03 
89 48 8.503760901618050e-02 
89 49 8.503760901618039e-02 
89 50 -9.311001803104946e-03 
89 223 5.165854715642384e-02 
89 224 -8.728403622012730e-02 
89 225 8.077238106192486e-02 
89 226 -3.267139042592111e-02 
89 227 -3.267139042592120e-02 
89 228 8.077238106192504e-02 
89 229 -8.728403622012730e-02 
89 230 5.165854715642397e-02 
90 0 -1.062324915840796e-01 
90 9 -3.508586299333624e-02 
90 10 -3.508586299333610e-02 
90 67 -9.311001803104946e-03 
90 68 8.503760901618050e-02 
90 69 8.503760901618039e-02 
90 70 -9.311001803104946e-03 
90 343 5.165854715642384e-02 
90 344 -8.728403622012730e-02 
90 345 8.077238106192486e-02 
90 346 -3.267139042592111e-02 
90 347 -3.267139042592120e-02 
90 348 8.077238106192504e-02 
90 349 -8.728403622012730e-02 
90 350 5.165854715642397e-02 
91 1 -3.226007359237404e-02 
91 2 3.226007359237415e-02 
91 11 3.207262030863398e-02 
91 12 1.917541974043653e-02 
91 13 -1.917541974043669e-02 
91 14 -3.207262030863398e-02 
91 71 -4.623992414526715e-02 
91 72 7.865783183486930e-02 
91 73 -1.014283610709253e-01 
91 74 1.134981063784532e-01 
91 75 -1.134981063784532e-01 
91 76 1.014283610709252e-01 
91 77 -7.865783183486941e-02 
91 78 4.623992414526727e-02 
92 3 -3.226007359237404e-02 
92 4 3.226007359237415e-02 
92 19 3.207262030863398e-02 
92 20 1.917541974043653e-02 
92 21 -1.917541974043669e-02 
92 22 -3.207262030863398e-02 
92 95 -4.623992414526715e-02 
92 96 7.865783183486930e-02 
92 97 -1.014283610709253e-01 
92 98 1.134981063784532e-01 
92 99 -1.134981063784532e-01 
92 100 1.014283610709252e-01 
92 101 -7.865783183486941e-02 
92 102 4.623992414526727e-02 
93 5 -3.226007359237404e-02 
93 6 3.226007359237415e-02 
93 31 3.207262030863398e-02 
93 32 1.917541974043653e-02 
93 33 -1.917541974043669e-02 
93 34 -3.207262030863398e-02 
93 143 -4.623992414526715e-02 
93 144 7.865783183486930e-02 
93 145 -1.014283610709253e-01 
93 146 1.134981063784532e-01 
93 147 -1.134981063784532e-01 
93 148 1.014283610709252e-01 
93 149 -7.865783183486941e-02 
93 150 4.623992414526727e-02 
94 7 -3.226007359237404e-02 
94 8 3.226007359237415e-02 
94 47 3.207262030863398e-02 
94 48 1.917541974043653e-02 
94 49 -1.917541974043669e-02 
94 50 -3.207262030863398e-02 
94 223 -4.623992414526715e-02 
94 224 7.865783183486930e-02 
94 225 -1.014283610709253e-01 
94 226 1.134981063784532e-01 
94 227 -1.134981063784532e-01 
94 228 1.014283610709252e-01 
94 229 -7.865783183486941e-02 
94 230 4.623992414526727e-02 
95 9 -3.226007359237404e-02 
95 10 3.226007359237415e-02 
95 67 3.207262030863398e-02 
95 68 1.917541974043653e-02 
95 69 -1.917541974043669e-02 
95 70 -3.207262030863398e-02 
95 343 -4.623992414526715e-02 
95 344 7.865783183486930e-02 
95 345 -1.014283610709253e-01 
95 346 1.134981063784532e-01 
95 347 -1.134981063784532e-01 
95 348 1.014283610709252e-01 
95 349 -7.865783183486941e-02 
95 350 4.623992414526727e-02 
