-1.535501535501455e-02 
4.211122211122210e-01 
4.211122211122212e-01 
4.211122211122210e-01 
4.211122211122212e-01 
4.211122211122209e-01 
4.211122211122211e-01 
4.211122211122210e-01 
4.211122211122211e-01 
4.211122211122210e-01 
4.211122211122212e-01 
-2.034666441386083e-01 
-4.378031971312329e-01 
-4.378031971312328e-01 
-2.034666441386083e-01 
-2.507936507936508e-01 
-2.507936507936508e-01 
-2.507936507936508e-01 
-2.507936507936508e-01 
-2.034666441386083e-01 
-4.378031971312329e-01 
-4.378031971312328e-01 
-2.034666441386083e-01 
-2.507936507936508e-01 
-2.507936507936508e-01 
-2.507936507936508e-01 
-2.507936507936508e-01 
-2.507936507936508e-01 
-2.507936507936508e-01 
-2.507936507936508e-01 
-2.507936507936508e-01 
-2.034666441386083e-01 
-4.378031971312329e-01 
-4.378031971312328e-01 
-2.034666441386083e-01 
-2.507936507936508e-01 
-2.507936507936508e-01 
-2.507936507936508e-01 
-2.507936507936508e-01 
-2.507936507936508e-01 
-2.507936507936508e-01 
-2.507936507936508e-01 
-2.507936507936508e-01 
-2.507936507936508e-01 
-2.507936507936508e-01 
-2.507936507936508e-01 
-2.507936507936508e-01 
-2.034666441386083e-01 
-4.378031971312329e-01 
-4.378031971312328e-01 
-2.034666441386083e-01 
-2.507936507936507e-01 
-2.507936507936508e-01 
-2.507936507936508e-01 
-2.507936507936508e-01 
-2.507936507936507e-01 
-2.507936507936508e-01 
-2.507936507936508e-01 
-2.507936507936508e-01 
-2.507936507936507e-01 
-2.507936507936508e-01 
-2.507936507936508e-01 
-2.507936507936508e-01 
-2.507936507936507e-01 
-2.507936507936508e-01 
-2.507936507936508e-01 
-2.507936507936508e-01 
-2.034666441386083e-01 
-4.378031971312329e-01 
-4.378031971312328e-01 
-2.034666441386083e-01 
2.260592004605378e-02 
5.837434491839645e-02 
8.550790076830263e-02 
1.001785009339138e-01 
1.001785009339138e-01 
8.550790076830266e-02 
5.837434491839645e-02 
2.260592004605384e-02 
2.966078016034165e-02 
6.557731507775358e-02 
6.557731507775355e-02 
2.966078016034165e-02 
2.966078016034165e-02 
6.557731507775359e-02 
6.557731507775356e-02 
2.966078016034166e-02 
2.966078016034165e-02 
2.966078016034165e-02 
6.557731507775356e-02 
6.557731507775355e-02 
2.966078016034165e-02 
6.557731507775359e-02 
6.557731507775358e-02 
2.966078016034166e-02 
2.260592004605378e-02 
5.837434491839645e-02 
8.550790076830263e-02 
1.001785009339138e-01 
1.001785009339138e-01 
8.550790076830266e-02 
5.837434491839645e-02 
2.260592004605384e-02 
2.966078016034165e-02 
6.557731507775358e-02 
6.557731507775355e-02 
2.966078016034165e-02 
2.966078016034165e-02 
6.557731507775359e-02 
6.557731507775356e-02 
2.966078016034166e-02 
3.703703703703703e-02 
3.703703703703703e-02 
3.703703703703704e-02 
3.703703703703705e-02 
3.703703703703704e-02 
3.703703703703704e-02 
3.703703703703705e-02 
3.703703703703706e-02 
2.966078016034165e-02 
6.557731507775358e-02 
6.557731507775355e-02 
2.966078016034165e-02 
2.966078016034165e-02 
6.557731507775359e-02 
6.557731507775356e-02 
2.966078016034166e-02 
2.966078016034165e-02 
2.966078016034165e-02 
6.557731507775356e-02 
6.557731507775355e-02 
2.966078016034165e-02 
6.557731507775359e-02 
6.557731507775358e-02 
2.966078016034166e-02 
2.966078016034165e-02 
2.966078016034165e-02 
6.557731507775356e-02 
6.557731507775355e-02 
2.966078016034165e-02 
6.557731507775359e-02 
6.557731507775358e-02 
2.966078016034166e-02 
2.260592004605378e-02 
5.837434491839645e-02 
8.550790076830263e-02 
1.001785009339138e-01 
1.001785009339138e-01 
8.550790076830266e-02 
5.837434491839645e-02 
2.260592004605384e-02 
2.966078016034165e-02 
6.557731507775358e-02 
6.557731507775355e-02 
2.966078016034165e-02 
2.966078016034165e-02 
6.557731507775359e-02 
6.557731507775356e-02 
2.966078016034166e-02 
3.703703703703703e-02 
3.703703703703703e-02 
3.703703703703704e-02 
3.703703703703705e-02 
3.703703703703704e-02 
3.703703703703704e-02 
3.703703703703705e-02 
3.703703703703706e-02 
2.966078016034165e-02 
6.557731507775358e-02 
6.557731507775355e-02 
2.966078016034165e-02 
2.966078016034165e-02 
6.557731507775359e-02 
6.557731507775356e-02 
2.966078016034166e-02 
3.703703703703703e-02 
3.703703703703703e-02 
3.703703703703704e-02 
3.703703703703705e-02 
3.703703703703704e-02 
3.703703703703704e-02 
3.703703703703705e-02 
3.703703703703706e-02 
3.703703703703703e-02 
3.703703703703703e-02 
3.703703703703704e-02 
3.703703703703705e-02 
3.703703703703704e-02 
3.703703703703704e-02 
3.703703703703705e-02 
3.703703703703706e-02 
2.966078016034165e-02 
6.557731507775358e-02 
6.557731507775355e-02 
2.966078016034165e-02 
2.966078016034165e-02 
6.557731507775359e-02 
6.557731507775356e-02 
2.966078016034166e-02 
2.966078016034165e-02 
2.966078016034165e-02 
6.557731507775356e-02 
6.557731507775355e-02 
2.966078016034165e-02 
6.557731507775359e-02 
6.557731507775358e-02 
2.966078016034166e-02 
2.966078016034165e-02 
2.966078016034165e-02 
6.557731507775356e-02 
6.557731507775355e-02 
2.966078016034165e-02 
6.557731507775359e-02 
6.557731507775358e-02 
2.966078016034166e-02 
2.966078016034165e-02 
2.966078016034165e-02 
6.557731507775356e-02 
6.557731507775355e-02 
2.966078016034165e-02 
6.557731507775359e-02 
6.557731507775358e-02 
2.966078016034166e-02 
2.260592004605378e-02 
5.837434491839645e-02 
8.550790076830263e-02 
1.001785009339138e-01 
1.001785009339138e-01 
8.550790076830266e-02 
5.837434491839645e-02 
2.260592004605384e-02 
2.966078016034165e-02 
6.557731507775358e-02 
6.557731507775355e-02 
2.966078016034165e-02 
2.966078016034165e-02 
6.557731507775359e-02 
6.557731507775356e-02 
2.966078016034166e-02 
3.703703703703703e-02 
3.703703703703703e-02 
3.703703703703704e-02 
3.703703703703705e-02 
3.703703703703704e-02 
3.703703703703704e-02 
3.703703703703705e-02 
3.703703703703706e-02 
2.966078016034165e-02 
6.557731507775358e-02 
6.557731507775355e-02 
2.966078016034165e-02 
2.966078016034165e-02 
6.557731507775359e-02 
6.557731507775356e-02 
2.966078016034166e-02 
3.703703703703703e-02 
3.703703703703703e-02 
3.703703703703704e-02 
3.703703703703705e-02 
3.703703703703704e-02 
3.703703703703704e-02 
3.703703703703705e-02 
3.703703703703706e-02 
3.703703703703703e-02 
3.703703703703703e-02 
3.703703703703704e-02 
3.703703703703705e-02 
3.703703703703704e-02 
3.703703703703704e-02 
3.703703703703705e-02 
3.703703703703706e-02 
2.966078016034165e-02 
6.557731507775358e-02 
6.557731507775355e-02 
2.966078016034165e-02 
2.966078016034165e-02 
6.557731507775359e-02 
6.557731507775356e-02 
2.966078016034166e-02 
3.703703703703703e-02 
3.703703703703703e-02 
3.703703703703704e-02 
3.703703703703705e-02 
3.703703703703704e-02 
3.703703703703704e-02 
3.703703703703705e-02 
3.703703703703706e-02 
3.703703703703703e-02 
3.703703703703703e-02 
3.703703703703704e-02 
3.703703703703705e-02 
3.703703703703704e-02 
3.703703703703704e-02 
3.703703703703705e-02 
3.703703703703706e-02 
3.703703703703703e-02 
3.703703703703703e-02 
3.703703703703704e-02 
3.703703703703705e-02 
3.703703703703704e-02 
3.703703703703704e-02 
3.703703703703705e-02 
3.703703703703706e-02 
2.966078016034165e-02 
6.557731507775358e-02 
6.557731507775355e-02 
2.966078016034165e-02 
2.966078016034165e-02 
6.557731507775359e-02 
6.557731507775356e-02 
2.966078016034166e-02 
2.966078016034165e-02 
2.966078016034165e-02 
6.557731507775356e-02 
6.557731507775355e-02 
2.966078016034165e-02 
6.557731507775359e-02 
6.557731507775358e-02 
2.966078016034166e-02 
2.966078016034165e-02 
2.966078016034165e-02 
6.557731507775356e-02 
6.557731507775355e-02 
2.966078016034165e-02 
6.557731507775359e-02 
6.557731507775358e-02 
2.966078016034166e-02 
2.966078016034165e-02 
2.966078016034165e-02 
6.557731507775356e-02 
6.557731507775355e-02 
2.966078016034165e-02 
6.557731507775359e-02 
6.557731507775358e-02 
2.966078016034166e-02 
2.966078016034165e-02 
2.966078016034165e-02 
6.557731507775356e-02 
6.557731507775355e-02 
2.966078016034165e-02 
6.557731507775359e-02 
6.557731507775358e-02 
2.966078016034166e-02 
2.260592004605378e-02 
5.837434491839645e-02 
8.550790076830263e-02 
1.001785009339138e-01 
1.001785009339138e-01 
8.550790076830266e-02 
5.837434491839645e-02 
2.260592004605384e-02 
