4.999999999999999e-01 4.999999999999999e-01 4.999999999999999e-01 4.999999999999999e-01 4.999999999999999e-01 
1.464466094067262e-01 4.999999999999999e-01 4.999999999999999e-01 4.999999999999999e-01 4.999999999999999e-01 
8.535533905932737e-01 4.999999999999999e-01 4.999999999999999e-01 4.999999999999999e-01 4.999999999999999e-01 
4.999999999999999e-01 1.464466094067262e-01 4.999999999999999e-01 4.999999999999999e-01 4.999999999999999e-01 
4.999999999999999e-01 8.535533905932737e-01 4.999999999999999e-01 4.999999999999999e-01 4.999999999999999e-01 
4.999999999999999e-01 4.999999999999999e-01 1.464466094067262e-01 4.999999999999999e-01 4.999999999999999e-01 
4.999999999999999e-01 4.999999999999999e-01 8.535533905932737e-01 4.999999999999999e-01 4.999999999999999e-01 
4.999999999999999e-01 4.999999999999999e-01 4.999999999999999e-01 1.464466094067262e-01 4.999999999999999e-01 
4.999999999999999e-01 4.999999999999999e-01 4.999999999999999e-01 8.535533905932737e-01 4.999999999999999e-01 
4.999999999999999e-01 4.999999999999999e-01 4.999999999999999e-01 4.999999999999999e-01 1.464466094067262e-01 
4.999999999999999e-01 4.999999999999999e-01 4.999999999999999e-01 4.999999999999999e-01 8.535533905932737e-01 
3.806023374435663e-02 4.999999999999999e-01 4.999999999999999e-01 4.999999999999999e-01 4.999999999999999e-01 
3.086582838174551e-01 4.999999999999999e-01 4.999999999999999e-01 4.999999999999999e-01 4.999999999999999e-01 
6.913417161825448e-01 4.999999999999999e-01 4.999999999999999e-01 4.999999999999999e-01 4.999999999999999e-01 
9.619397662556434e-01 4.999999999999999e-01 4.999999999999999e-01 4.999999999999999e-01 4.999999999999999e-01 
1.464466094067262e-01 1.464466094067262e-01 4.999999999999999e-01 4.999999999999999e-01 4.999999999999999e-01 
8.535533905932737e-01 1.464466094067262e-01 4.999999999999999e-01 4.999999999999999e-01 4.999999999999999e-01 
1.464466094067262e-01 8.535533905932737e-01 4.999999999999999e-01 4.999999999999999e-01 4.999999999999999e-01 
8.535533905932737e-01 8.535533905932737e-01 4.999999999999999e-01 4.999999999999999e-01 4.999999999999999e-01 
4.999999999999999e-01 3.806023374435663e-02 4.999999999999999e-01 4.999999999999999e-01 4.999999999999999e-01 
4.999999999999999e-01 3.086582838174551e-01 4.999999999999999e-01 4.999999999999999e-01 4.999999999999999e-01 
4.999999999999999e-01 6.913417161825448e-01 4.999999999999999e-01 4.999999999999999e-01 4.999999999999999e-01 
4.999999999999999e-01 9.619397662556434e-01 4.999999999999999e-01 4.999999999999999e-01 4.999999999999999e-01 
1.464466094067262e-01 4.999999999999999e-01 1.464466094067262e-01 4.999999999999999e-01 4.999999999999999e-01 
8.535533905932737e-01 4.999999999999999e-01 1.464466094067262e-01 4.999999999999999e-01 4.999999999999999e-01 
1.464466094067262e-01 4.999999999999999e-01 8.535533905932737e-01 4.999999999999999e-01 4.999999999999999e-01 
8.535533905932737e-01 4.999999999999999e-01 8.535533905932737e-01 4.999999999999999e-01 4.999999999999999e-01 
4.999999999999999e-01 1.464466094067262e-01 1.464466094067262e-01 4.999999999999999e-01 4.999999999999999e-01 
4.999999999999999e-01 8.535533905932737e-01 1.464466094067262e-01 4.999999999999999e-01 4.999999999999999e-01 
4.999999999999999e-01 1.464466094067262e-01 8.535533905932737e-01 4.999999999999999e-01 4.999999999999999e-01 
4.999999999999999e-01 8.535533905932737e-01 8.535533905932737e-01 4.999999999999999e-01 4.999999999999999e-01 
4.999999999999999e-01 4.999999999999999e-01 3.806023374435663e-02 4.999999999999999e-01 4.999999999999999e-01 
4.999999999999999e-01 4.999999999999999e-01 3.086582838174551e-01 4.999999999999999e-01 4.999999999999999e-01 
4.999999999999999e-01 4.999999999999999e-01 6.913417161825448e-01 4.999999999999999e-01 4.999999999999999e-01 
4.999999999999999e-01 4.999999999999999e-01 9.619397662556434e-01 4.999999999999999e-01 4.999999999999999e-01 
1.464466094067262e-01 4.999999999999999e-01 4.999999999999999e-01 1.464466094067262e-01 4.999999999999999e-01 
8.535533905932737e-01 4.999999999999999e-01 4.999999999999999e-01 1.464466094067262e-01 4.999999999999999e-01 
1.464466094067262e-01 4.999999999999999e-01 4.999999999999999e-01 8.535533905932737e-01 4.999999999999999e-01 
8.535533905932737e-01 4.999999999999999e-01 4.999999999999999e-01 8.535533905932737e-01 4.999999999999999e-01 
4.999999999999999e-01 1.464466094067262e-01 4.999999999999999e-01 1.464466094067262e-01 4.999999999999999e-01 
4.999999999999999e-01 8.535533905932737e-01 4.999999999999999e-01 1.464466094067262e-01 4.999999999999999e-01 
4.999999999999999e-01 1.464466094067262e-01 4.999999999999999e-01 8.535533905932737e-01 4.999999999999999e-01 
4.999999999999999e-01 8.535533905932737e-01 4.999999999999999e-01 8.535533905932737e-01 4.999999999999999e-01 
4.999999999999999e-01 4.999999999999999e-01 1.464466094067262e-01 1.464466094067262e-01 4.999999999999999e-01 
4.999999999999999e-01 4.999999999999999e-01 8.535533905932737e-01 1.464466094067262e-01 4.999999999999999e-01 
4.999999999999999e-01 4.999999999999999e-01 1.464466094067262e-01 8.535533905932737e-01 4.999999999999999e-01 
4.999999999999999e-01 4.999999999999999e-01 8.535533905932737e-01 8.535533905932737e-01 4.999999999999999e-01 
4.999999999999999e-01 4.999999999999999e-01 4.999999999999999e-01 3.806023374435663e-02 4.999999999999999e-01 
4.999999999999999e-01 4.999999999999999e-01 4.999999999999999e-01 3.086582838174551e-01 4.999999999999999e-01 
4.999999999999999e-01 4.999999999999999e-01 4.999999999999999e-01 6.913417161825448e-01 4.999999999999999e-01 
4.999999999999999e-01 4.999999999999999e-01 4.999999999999999e-01 9.619397662556434e-01 4.999999999999999e-01 
1.464466094067262e-01 4.999999999999999e-01 4.999999999999999e-01 4.999999999999999e-01 1.464466094067262e-01 
8.535533905932737e-01 4.999999999999999e-01 4.999999999999999e-01 4.999999999999999e-01 1.464466094067262e-01 
1.464466094067262e-01 4.999999999999999e-01 4.999999999999999e-01 4.999999999999999e-01 8.535533905932737e-01 
8.535533905932737e-01 4.999999999999999e-01 4.999999999999999e-01 4.999999999999999e-01 8.535533905932737e-01 
4.999999999999999e-01 1.464466094067262e-01 4.999999999999999e-01 4.999999999999999e-01 1.464466094067262e-01 
4.999999999999999e-01 8.535533905932737e-01 4.999999999999999e-01 4.999999999999999e-01 1.464466094067262e-01 
4.999999999999999e-01 1.464466094067262e-01 4.999999999999999e-01 4.999999999999999e-01 8.535533905932737e-01 
4.999999999999999e-01 8.535533905932737e-01 4.999999999999999e-01 4.999999999999999e-01 8.535533905932737e-01 
4.999999999999999e-01 4.999999999999999e-01 1.464466094067262e-01 4.999999999999999e-01 1.464466094067262e-01 
4.999999999999999e-01 4.999999999999999e-01 8.535533905932737e-01 4.999999999999999e-01 1.464466094067262e-01 
4.999999999999999e-01 4.999999999999999e-01 1.464466094067262e-01 4.999999999999999e-01 8.535533905932737e-01 
4.999999999999999e-01 4.999999999999999e-01 8.535533905932737e-01 4.999999999999999e-01 8.535533905932737e-01 
4.999999999999999e-01 4.999999999999999e-01 4.999999999999999e-01 1.464466094067262e-01 1.464466094067262e-01 
4.999999999999999e-01 4.999999999999999e-01 4.999999999999999e-01 8.535533905932737e-01 1.464466094067262e-01 
4.999999999999999e-01 4.999999999999999e-01 4.999999999999999e-01 1.464466094067262e-01 8.535533905932737e-01 
4.999999999999999e-01 4.999999999999999e-01 4.999999999999999e-01 8.535533905932737e-01 8.535533905932737e-01 
4.999999999999999e-01 4.999999999999999e-01 4.999999999999999e-01 4.999999999999999e-01 3.806023374435663e-02 
4.999999999999999e-01 4.999999999999999e-01 4.999999999999999e-01 4.999999999999999e-01 3.086582838174551e-01 
4.999999999999999e-01 4.999999999999999e-01 4.999999999999999e-01 4.999999999999999e-01 6.913417161825448e-01 
4.999999999999999e-01 4.999999999999999e-01 4.999999999999999e-01 4.999999999999999e-01 9.619397662556434e-01 
9.607359798384785e-03 4.999999999999999e-01 4.999999999999999e-01 4.999999999999999e-01 4.999999999999999e-01 
8.426519384872738e-02 4.999999999999999e-01 4.999999999999999e-01 4.999999999999999e-01 4.999999999999999e-01 
2.222148834901989e-01 4.999999999999999e-01 4.999999999999999e-01 4.999999999999999e-01 4.999999999999999e-01 
4.024548389919358e-01 4.999999999999999e-01 4.999999999999999e-01 4.999999999999999e-01 4.999999999999999e-01 
5.975451610080641e-01 4.999999999999999e-01 4.999999999999999e-01 4.999999999999999e-01 4.999999999999999e-01 
7.777851165098010e-01 4.999999999999999e-01 4.999999999999999e-01 4.999999999999999e-01 4.999999999999999e-01 
9.157348061512727e-01 4.999999999999999e-01 4.999999999999999e-01 4.999999999999999e-01 4.999999999999999e-01 
9.903926402016152e-01 4.999999999999999e-01 4.999999999999999e-01 4.999999999999999e-01 4.999999999999999e-01 
3.806023374435663e-02 1.464466094067262e-01 4.999999999999999e-01 4.999999999999999e-01 4.999999999999999e-01 
3.086582838174551e-01 1.464466094067262e-01 4.999999999999999e-01 4.999999999999999e-01 4.999999999999999e-01 
6.913417161825448e-01 1.464466094067262e-01 4.999999999999999e-01 4.999999999999999e-01 4.999999999999999e-01 
9.619397662556434e-01 1.464466094067262e-01 4.999999999999999e-01 4.999999999999999e-01 4.999999999999999e-01 
3.806023374435663e-02 8.535533905932737e-01 4.999999999999999e-01 4.999999999999999e-01 4.999999999999999e-01 
3.086582838174551e-01 8.535533905932737e-01 4.999999999999999e-01 4.999999999999999e-01 4.999999999999999e-01 
6.913417161825448e-01 8.535533905932737e-01 4.999999999999999e-01 4.999999999999999e-01 4.999999999999999e-01 
9.619397662556434e-01 8.535533905932737e-01 4.999999999999999e-01 4.999999999999999e-01 4.999999999999999e-01 
1.464466094067262e-01 3.806023374435663e-02 4.999999999999999e-01 4.999999999999999e-01 4.999999999999999e-01 
8.535533905932737e-01 3.806023374435663e-02 4.999999999999999e-01 4.999999999999999e-01 4.999999999999999e-01 
1.464466094067262e-01 3.086582838174551e-01 4.999999999999999e-01 4.999999999999999e-01 4.999999999999999e-01 
1.464466094067262e-01 6.913417161825448e-01 4.999999999999999e-01 4.999999999999999e-01 4.999999999999999e-01 
1.464466094067262e-01 9.619397662556434e-01 4.999999999999999e-01 4.999999999999999e-01 4.999999999999999e-01 
8.535533905932737e-01 3.086582838174551e-01 4.999999999999999e-01 4.999999999999999e-01 4.999999999999999e-01 
8.535533905932737e-01 6.913417161825448e-01 4.999999999999999e-01 4.999999999999999e-01 4.999999999999999e-01 
8.535533905932737e-01 9.619397662556434e-01 4.999999999999999e-01 4.999999999999999e-01 4.999999999999999e-01 
4.999999999999999e-01 9.607359798384785e-03 4.999999999999999e-01 4.999999999999999e-01 4.999999999999999e-01 
4.999999999999999e-01 8.426519384872738e-02 4.999999999999999e-01 4.999999999999999e-01 4.999999999999999e-01 
4.999999999999999e-01 2.222148834901989e-01 4.999999999999999e-01 4.999999999999999e-01 4.999999999999999e-01 
4.999999999999999e-01 4.024548389919358e-01 4.999999999999999e-01 4.999999999999999e-01 4.999999999999999e-01 
4.999999999999999e-01 5.975451610080641e-01 4.999999999999999e-01 4.999999999999999e-01 4.999999999999999e-01 
4.999999999999999e-01 7.777851165098010e-01 4.999999999999999e-01 4.999999999999999e-01 4.999999999999999e-01 
4.999999999999999e-01 9.157348061512727e-01 4.999999999999999e-01 4.999999999999999e-01 4.999999999999999e-01 
4.999999999999999e-01 9.903926402016152e-01 4.999999999999999e-01 4.999999999999999e-01 4.999999999999999e-01 
3.806023374435663e-02 4.999999999999999e-01 1.464466094067262e-01 4.999999999999999e-01 4.999999999999999e-01 
3.086582838174551e-01 4.999999999999999e-01 1.464466094067262e-01 4.999999999999999e-01 4.999999999999999e-01 
6.913417161825448e-01 4.999999999999999e-01 1.464466094067262e-01 4.999999999999999e-01 4.999999999999999e-01 
9.619397662556434e-01 4.999999999999999e-01 1.464466094067262e-01 4.999999999999999e-01 4.999999999999999e-01 
3.806023374435663e-02 4.999999999999999e-01 8.535533905932737e-01 4.999999999999999e-01 4.999999999999999e-01 
3.086582838174551e-01 4.999999999999999e-01 8.535533905932737e-01 4.999999999999999e-01 4.999999999999999e-01 
6.913417161825448e-01 4.999999999999999e-01 8.535533905932737e-01 4.999999999999999e-01 4.999999999999999e-01 
9.619397662556434e-01 4.999999999999999e-01 8.535533905932737e-01 4.999999999999999e-01 4.999999999999999e-01 
1.464466094067262e-01 1.464466094067262e-01 1.464466094067262e-01 4.999999999999999e-01 4.999999999999999e-01 
8.535533905932737e-01 1.464466094067262e-01 1.464466094067262e-01 4.999999999999999e-01 4.999999999999999e-01 
1.464466094067262e-01 8.535533905932737e-01 1.464466094067262e-01 4.999999999999999e-01 4.999999999999999e-01 
8.535533905932737e-01 8.535533905932737e-01 1.464466094067262e-01 4.999999999999999e-01 4.999999999999999e-01 
1.464466094067262e-01 1.464466094067262e-01 8.535533905932737e-01 4.999999999999999e-01 4.999999999999999e-01 
8.535533905932737e-01 1.464466094067262e-01 8.535533905932737e-01 4.999999999999999e-01 4.999999999999999e-01 
1.464466094067262e-01 8.535533905932737e-01 8.535533905932737e-01 4.999999999999999e-01 4.999999999999999e-01 
8.535533905932737e-01 8.535533905932737e-01 8.535533905932737e-01 4.999999999999999e-01 4.999999999999999e-01 
4.999999999999999e-01 3.806023374435663e-02 1.464466094067262e-01 4.999999999999999e-01 4.999999999999999e-01 
4.999999999999999e-01 3.086582838174551e-01 1.464466094067262e-01 4.999999999999999e-01 4.999999999999999e-01 
4.999999999999999e-01 6.913417161825448e-01 1.464466094067262e-01 4.999999999999999e-01 4.999999999999999e-01 
4.999999999999999e-01 9.619397662556434e-01 1.464466094067262e-01 4.999999999999999e-01 4.999999999999999e-01 
4.999999999999999e-01 3.806023374435663e-02 8.535533905932737e-01 4.999999999999999e-01 4.999999999999999e-01 
4.999999999999999e-01 3.086582838174551e-01 8.535533905932737e-01 4.999999999999999e-01 4.999999999999999e-01 
4.999999999999999e-01 6.913417161825448e-01 8.535533905932737e-01 4.999999999999999e-01 4.999999999999999e-01 
4.999999999999999e-01 9.619397662556434e-01 8.535533905932737e-01 4.999999999999999e-01 4.999999999999999e-01 
1.464466094067262e-01 4.999999999999999e-01 3.806023374435663e-02 4.999999999999999e-01 4.999999999999999e-01 
8.535533905932737e-01 4.999999999999999e-01 3.806023374435663e-02 4.999999999999999e-01 4.999999999999999e-01 
1.464466094067262e-01 4.999999999999999e-01 3.086582838174551e-01 4.999999999999999e-01 4.999999999999999e-01 
1.464466094067262e-01 4.999999999999999e-01 6.913417161825448e-01 4.999999999999999e-01 4.999999999999999e-01 
1.464466094067262e-01 4.999999999999999e-01 9.619397662556434e-01 4.999999999999999e-01 4.999999999999999e-01 
8.535533905932737e-01 4.999999999999999e-01 3.086582838174551e-01 4.999999999999999e-01 4.999999999999999e-01 
8.535533905932737e-01 4.999999999999999e-01 6.913417161825448e-01 4.999999999999999e-01 4.999999999999999e-01 
8.535533905932737e-01 4.999999999999999e-01 9.619397662556434e-01 4.999999999999999e-01 4.999999999999999e-01 
4.999999999999999e-01 1.464466094067262e-01 3.806023374435663e-02 4.999999999999999e-01 4.999999999999999e-01 
4.999999999999999e-01 8.535533905932737e-01 3.806023374435663e-02 4.999999999999999e-01 4.999999999999999e-01 
4.999999999999999e-01 1.464466094067262e-01 3.086582838174551e-01 4.999999999999999e-01 4.999999999999999e-01 
4.999999999999999e-01 1.464466094067262e-01 6.913417161825448e-01 4.999999999999999e-01 4.999999999999999e-01 
4.999999999999999e-01 1.464466094067262e-01 9.619397662556434e-01 4.999999999999999e-01 4.999999999999999e-01 
4.999999999999999e-01 8.535533905932737e-01 3.086582838174551e-01 4.999999999999999e-01 4.999999999999999e-01 
4.999999999999999e-01 8.535533905932737e-01 6.913417161825448e-01 4.999999999999999e-01 4.999999999999999e-01 
4.999999999999999e-01 8.535533905932737e-01 9.619397662556434e-01 4.999999999999999e-01 4.999999999999999e-01 
4.999999999999999e-01 4.999999999999999e-01 9.607359798384785e-03 4.999999999999999e-01 4.999999999999999e-01 
4.999999999999999e-01 4.999999999999999e-01 8.426519384872738e-02 4.999999999999999e-01 4.999999999999999e-01 
4.999999999999999e-01 4.999999999999999e-01 2.222148834901989e-01 4.999999999999999e-01 4.999999999999999e-01 
4.999999999999999e-01 4.999999999999999e-01 4.024548389919358e-01 4.999999999999999e-01 4.999999999999999e-01 
4.999999999999999e-01 4.999999999999999e-01 5.975451610080641e-01 4.999999999999999e-01 4.999999999999999e-01 
4.999999999999999e-01 4.999999999999999e-01 7.777851165098010e-01 4.999999999999999e-01 4.999999999999999e-01 
4.999999999999999e-01 4.999999999999999e-01 9.157348061512727e-01 4.999999999999999e-01 4.999999999999999e-01 
4.999999999999999e-01 4.999999999999999e-01 9.903926402016152e-01 4.999999999999999e-01 4.999999999999999e-01 
3.806023374435663e-02 4.999999999999999e-01 4.999999999999999e-01 1.464466094067262e-01 4.999999999999999e-01 
3.086582838174551e-01 4.999999999999999e-01 4.999999999999999e-01 1.464466094067262e-01 4.999999999999999e-01 
6.913417161825448e-01 4.999999999999999e-01 4.999999999999999e-01 1.464466094067262e-01 4.999999999999999e-01 
9.619397662556434e-01 4.999999999999999e-01 4.999999999999999e-01 1.464466094067262e-01 4.999999999999999e-01 
3.806023374435663e-02 4.999999999999999e-01 4.999999999999999e-01 8.535533905932737e-01 4.999999999999999e-01 
3.086582838174551e-01 4.999999999999999e-01 4.999999999999999e-01 8.535533905932737e-01 4.999999999999999e-01 
6.913417161825448e-01 4.999999999999999e-01 4.999999999999999e-01 8.535533905932737e-01 4.999999999999999e-01 
9.619397662556434e-01 4.999999999999999e-01 4.999999999999999e-01 8.535533905932737e-01 4.999999999999999e-01 
1.464466094067262e-01 1.464466094067262e-01 4.999999999999999e-01 1.464466094067262e-01 4.999999999999999e-01 
8.535533905932737e-01 1.464466094067262e-01 4.999999999999999e-01 1.464466094067262e-01 4.999999999999999e-01 
1.464466094067262e-01 8.535533905932737e-01 4.999999999999999e-01 1.464466094067262e-01 4.999999999999999e-01 
8.535533905932737e-01 8.535533905932737e-01 4.999999999999999e-01 1.464466094067262e-01 4.999999999999999e-01 
1.464466094067262e-01 1.464466094067262e-01 4.999999999999999e-01 8.535533905932737e-01 4.999999999999999e-01 
8.535533905932737e-01 1.464466094067262e-01 4.999999999999999e-01 8.535533905932737e-01 4.999999999999999e-01 
1.464466094067262e-01 8.535533905932737e-01 4.999999999999999e-01 8.535533905932737e-01 4.999999999999999e-01 
8.535533905932737e-01 8.535533905932737e-01 4.999999999999999e-01 8.535533905932737e-01 4.999999999999999e-01 
4.999999999999999e-01 3.806023374435663e-02 4.999999999999999e-01 1.464466094067262e-01 4.999999999999999e-01 
4.999999999999999e-01 3.086582838174551e-01 4.999999999999999e-01 1.464466094067262e-01 4.999999999999999e-01 
4.999999999999999e-01 6.913417161825448e-01 4.999999999999999e-01 1.464466094067262e-01 4.999999999999999e-01 
4.999999999999999e-01 9.619397662556434e-01 4.999999999999999e-01 1.464466094067262e-01 4.999999999999999e-01 
4.999999999999999e-01 3.806023374435663e-02 4.999999999999999e-01 8.535533905932737e-01 4.999999999999999e-01 
4.999999999999999e-01 3.086582838174551e-01 4.999999999999999e-01 8.535533905932737e-01 4.999999999999999e-01 
4.999999999999999e-01 6.913417161825448e-01 4.999999999999999e-01 8.535533905932737e-01 4.999999999999999e-01 
4.999999999999999e-01 9.619397662556434e-01 4.999999999999999e-01 8.535533905932737e-01 4.999999999999999e-01 
1.464466094067262e-01 4.999999999999999e-01 1.464466094067262e-01 1.464466094067262e-01 4.999999999999999e-01 
8.535533905932737e-01 4.999999999999999e-01 1.464466094067262e-01 1.464466094067262e-01 4.999999999999999e-01 
1.464466094067262e-01 4.999999999999999e-01 8.535533905932737e-01 1.464466094067262e-01 4.999999999999999e-01 
8.535533905932737e-01 4.999999999999999e-01 8.535533905932737e-01 1.464466094067262e-01 4.999999999999999e-01 
1.464466094067262e-01 4.999999999999999e-01 1.464466094067262e-01 8.535533905932737e-01 4.999999999999999e-01 
8.535533905932737e-01 4.999999999999999e-01 1.464466094067262e-01 8.535533905932737e-01 4.999999999999999e-01 
1.464466094067262e-01 4.999999999999999e-01 8.535533905932737e-01 8.535533905932737e-01 4.999999999999999e-01 
8.535533905932737e-01 4.999999999999999e-01 8.535533905932737e-01 8.535533905932737e-01 4.999999999999999e-01 
4.999999999999999e-01 1.464466094067262e-01 1.464466094067262e-01 1.464466094067262e-01 4.999999999999999e-01 
4.999999999999999e-01 8.535533905932737e-01 1.464466094067262e-01 1.464466094067262e-01 4.999999999999999e-01 
4.999999999999999e-01 1.464466094067262e-01 8.535533905932737e-01 1.464466094067262e-01 4.999999999999999e-01 
4.999999999999999e-01 8.535533905932737e-01 8.535533905932737e-01 1.464466094067262e-01 4.999999999999999e-01 
4.999999999999999e-01 1.464466094067262e-01 1.464466094067262e-01 8.535533905932737e-01 4.999999999999999e-01 
4.999999999999999e-01 8.535533905932737e-01 1.464466094067262e-01 8.535533905932737e-01 4.999999999999999e-01 
4.999999999999999e-01 1.464466094067262e-01 8.535533905932737e-01 8.535533905932737e-01 4.999999999999999e-01 
4.999999999999999e-01 8.535533905932737e-01 8.535533905932737e-01 8.535533905932737e-01 4.999999999999999e-01 
4.999999999999999e-01 4.999999999999999e-01 3.806023374435663e-02 1.464466094067262e-01 4.999999999999999e-01 
4.999999999999999e-01 4.999999999999999e-01 3.086582838174551e-01 1.464466094067262e-01 4.999999999999999e-01 
4.999999999999999e-01 4.999999999999999e-01 6.913417161825448e-01 1.464466094067262e-01 4.999999999999999e-01 
4.999999999999999e-01 4.999999999999999e-01 9.619397662556434e-01 1.464466094067262e-01 4.999999999999999e-01 
4.999999999999999e-01 4.999999999999999e-01 3.806023374435663e-02 8.535533905932737e-01 4.999999999999999e-01 
4.999999999999999e-01 4.999999999999999e-01 3.086582838174551e-01 8.535533905932737e-01 4.999999999999999e-01 
4.999999999999999e-01 4.999999999999999e-01 6.913417161825448e-01 8.535533905932737e-01 4.999999999999999e-01 
4.999999999999999e-01 4.999999999999999e-01 9.619397662556434e-01 8.535533905932737e-01 4.999999999999999e-01 
1.464466094067262e-01 4.999999999999999e-01 4.999999999999999e-01 3.806023374435663e-02 4.999999999999999e-01 
8.535533905932737e-01 4.999999999999999e-01 4.999999999999999e-01 3.806023374435663e-02 4.999999999999999e-01 
1.464466094067262e-01 4.999999999999999e-01 4.999999999999999e-01 3.086582838174551e-01 4.999999999999999e-01 
1.464466094067262e-01 4.999999999999999e-01 4.999999999999999e-01 6.913417161825448e-01 4.999999999999999e-01 
1.464466094067262e-01 4.999999999999999e-01 4.999999999999999e-01 9.619397662556434e-01 4.999999999999999e-01 
8.535533905932737e-01 4.999999999999999e-01 4.999999999999999e-01 3.086582838174551e-01 4.999999999999999e-01 
8.535533905932737e-01 4.999999999999999e-01 4.999999999999999e-01 6.913417161825448e-01 4.999999999999999e-01 
8.535533905932737e-01 4.999999999999999e-01 4.999999999999999e-01 9.619397662556434e-01 4.999999999999999e-01 
4.999999999999999e-01 1.464466094067262e-01 4.999999999999999e-01 3.806023374435663e-02 4.999999999999999e-01 
4.999999999999999e-01 8.535533905932737e-01 4.999999999999999e-01 3.806023374435663e-02 4.999999999999999e-01 
4.999999999999999e-01 1.464466094067262e-01 4.999999999999999e-01 3.086582838174551e-01 4.999999999999999e-01 
4.999999999999999e-01 1.464466094067262e-01 4.999999999999999e-01 6.913417161825448e-01 4.999999999999999e-01 
4.999999999999999e-01 1.464466094067262e-01 4.999999999999999e-01 9.619397662556434e-01 4.999999999999999e-01 
4.999999999999999e-01 8.535533905932737e-01 4.999999999999999e-01 3.086582838174551e-01 4.999999999999999e-01 
4.999999999999999e-01 8.535533905932737e-01 4.999999999999999e-01 6.913417161825448e-01 4.999999999999999e-01 
4.999999999999999e-01 8.535533905932737e-01 4.999999999999999e-01 9.619397662556434e-01 4.999999999999999e-01 
4.999999999999999e-01 4.999999999999999e-01 1.464466094067262e-01 3.806023374435663e-02 4.999999999999999e-01 
4.999999999999999e-01 4.999999999999999e-01 8.535533905932737e-01 3.806023374435663e-02 4.999999999999999e-01 
4.999999999999999e-01 4.999999999999999e-01 1.464466094067262e-01 3.086582838174551e-01 4.999999999999999e-01 
4.999999999999999e-01 4.999999999999999e-01 1.464466094067262e-01 6.913417161825448e-01 4.999999999999999e-01 
4.999999999999999e-01 4.999999999999999e-01 1.464466094067262e-01 9.619397662556434e-01 4.999999999999999e-01 
4.999999999999999e-01 4.999999999999999e-01 8.535533905932737e-01 3.086582838174551e-01 4.999999999999999e-01 
4.999999999999999e-01 4.999999999999999e-01 8.535533905932737e-01 6.913417161825448e-01 4.999999999999999e-01 
4.999999999999999e-01 4.999999999999999e-01 8.535533905932737e-01 9.619397662556434e-01 4.999999999999999e-01 
4.999999999999999e-01 4.999999999999999e-01 4.999999999999999e-01 9.607359798384785e-03 4.999999999999999e-01 
4.999999999999999e-01 4.999999999999999e-01 4.999999999999999e-01 8.426519384872738e-02 4.999999999999999e-01 
4.999999999999999e-01 4.999999999999999e-01 4.999999999999999e-01 2.222148834901989e-01 4.999999999999999e-01 
4.999999999999999e-01 4.999999999999999e-01 4.999999999999999e-01 4.024548389919358e-01 4.999999999999999e-01 
4.999999999999999e-01 4.999999999999999e-01 4.999999999999999e-01 5.975451610080641e-01 4.999999999999999e-01 
4.999999999999999e-01 4.999999999999999e-01 4.999999999999999e-01 7.777851165098010e-01 4.999999999999999e-01 
4.999999999999999e-01 4.999999999999999e-01 4.999999999999999e-01 9.157348061512727e-01 4.999999999999999e-01 
4.999999999999999e-01 4.999999999999999e-01 4.999999999999999e-01 9.903926402016152e-01 4.999999999999999e-01 
3.806023374435663e-02 4.999999999999999e-01 4.999999999999999e-01 4.999999999999999e-01 1.464466094067262e-01 
3.086582838174551e-01 4.999999999999999e-01 4.999999999999999e-01 4.999999999999999e-01 1.464466094067262e-01 
6.913417161825448e-01 4.999999999999999e-01 4.999999999999999e-01 4.999999999999999e-01 1.464466094067262e-01 
9.619397662556434e-01 4.999999999999999e-01 4.999999999999999e-01 4.999999999999999e-01 1.464466094067262e-01 
3.806023374435663e-02 4.999999999999999e-01 4.999999999999999e-01 4.999999999999999e-01 8.535533905932737e-01 
3.086582838174551e-01 4.999999999999999e-01 4.999999999999999e-01 4.999999999999999e-01 8.535533905932737e-01 
6.913417161825448e-01 4.999999999999999e-01 4.999999999999999e-01 4.999999999999999e-01 8.535533905932737e-01 
9.619397662556434e-01 4.999999999999999e-01 4.999999999999999e-01 4.999999999999999e-01 8.535533905932737e-01 
1.464466094067262e-01 1.464466094067262e-01 4.999999999999999e-01 4.999999999999999e-01 1.464466094067262e-01 
8.535533905932737e-01 1.464466094067262e-01 4.999999999999999e-01 4.999999999999999e-01 1.464466094067262e-01 
1.464466094067262e-01 8.535533905932737e-01 4.999999999999999e-01 4.999999999999999e-01 1.464466094067262e-01 
8.535533905932737e-01 8.535533905932737e-01 4.999999999999999e-01 4.999999999999999e-01 1.464466094067262e-01 
1.464466094067262e-01 1.464466094067262e-01 4.999999999999999e-01 4.999999999999999e-01 8.535533905932737e-01 
8.535533905932737e-01 1.464466094067262e-01 4.999999999999999e-01 4.999999999999999e-01 8.535533905932737e-01 
1.464466094067262e-01 8.535533905932737e-01 4.999999999999999e-01 4.999999999999999e-01 8.535533905932737e-01 
8.535533905932737e-01 8.535533905932737e-01 4.999999999999999e-01 4.999999999999999e-01 8.535533905932737e-01 
4.999999999999999e-01 3.806023374435663e-02 4.999999999999999e-01 4.999999999999999e-01 1.464466094067262e-01 
4.999999999999999e-01 3.086582838174551e-01 4.999999999999999e-01 4.999999999999999e-01 1.464466094067262e-01 
4.999999999999999e-01 6.913417161825448e-01 4.999999999999999e-01 4.999999999999999e-01 1.464466094067262e-01 
4.999999999999999e-01 9.619397662556434e-01 4.999999999999999e-01 4.999999999999999e-01 1.464466094067262e-01 
4.999999999999999e-01 3.806023374435663e-02 4.999999999999999e-01 4.999999999999999e-01 8.535533905932737e-01 
4.999999999999999e-01 3.086582838174551e-01 4.999999999999999e-01 4.999999999999999e-01 8.535533905932737e-01 
4.999999999999999e-01 6.913417161825448e-01 4.999999999999999e-01 4.999999999999999e-01 8.535533905932737e-01 
4.999999999999999e-01 9.619397662556434e-01 4.999999999999999e-01 4.999999999999999e-01 8.535533905932737e-01 
1.464466094067262e-01 4.999999999999999e-01 1.464466094067262e-01 4.999999999999999e-01 1.464466094067262e-01 
8.535533905932737e-01 4.999999999999999e-01 1.464466094067262e-01 4.999999999999999e-01 1.464466094067262e-01 
1.464466094067262e-01 4.999999999999999e-01 8.535533905932737e-01 4.999999999999999e-01 1.464466094067262e-01 
8.535533905932737e-01 4.999999999999999e-01 8.535533905932737e-01 4.999999999999999e-01 1.464466094067262e-01 
1.464466094067262e-01 4.999999999999999e-01 1.464466094067262e-01 4.999999999999999e-01 8.535533905932737e-01 
8.535533905932737e-01 4.999999999999999e-01 1.464466094067262e-01 4.999999999999999e-01 8.535533905932737e-01 
1.464466094067262e-01 4.999999999999999e-01 8.535533905932737e-01 4.999999999999999e-01 8.535533905932737e-01 
8.535533905932737e-01 4.999999999999999e-01 8.535533905932737e-01 4.999999999999999e-01 8.535533905932737e-01 
4.999999999999999e-01 1.464466094067262e-01 1.464466094067262e-01 4.999999999999999e-01 1.464466094067262e-01 
4.999999999999999e-01 8.535533905932737e-01 1.464466094067262e-01 4.999999999999999e-01 1.464466094067262e-01 
4.999999999999999e-01 1.464466094067262e-01 8.535533905932737e-01 4.999999999999999e-01 1.464466094067262e-01 
4.999999999999999e-01 8.535533905932737e-01 8.535533905932737e-01 4.999999999999999e-01 1.464466094067262e-01 
4.999999999999999e-01 1.464466094067262e-01 1.464466094067262e-01 4.999999999999999e-01 8.535533905932737e-01 
4.999999999999999e-01 8.535533905932737e-01 1.464466094067262e-01 4.999999999999999e-01 8.535533905932737e-01 
4.999999999999999e-01 1.464466094067262e-01 8.535533905932737e-01 4.999999999999999e-01 8.535533905932737e-01 
4.999999999999999e-01 8.535533905932737e-01 8.535533905932737e-01 4.999999999999999e-01 8.535533905932737e-01 
4.999999999999999e-01 4.999999999999999e-01 3.806023374435663e-02 4.999999999999999e-01 1.464466094067262e-01 
4.999999999999999e-01 4.999999999999999e-01 3.086582838174551e-01 4.999999999999999e-01 1.464466094067262e-01 
4.999999999999999e-01 4.999999999999999e-01 6.913417161825448e-01 4.999999999999999e-01 1.464466094067262e-01 
4.999999999999999e-01 4.999999999999999e-01 9.619397662556434e-01 4.999999999999999e-01 1.464466094067262e-01 
4.999999999999999e-01 4.999999999999999e-01 3.806023374435663e-02 4.999999999999999e-01 8.535533905932737e-01 
4.999999999999999e-01 4.999999999999999e-01 3.086582838174551e-01 4.999999999999999e-01 8.535533905932737e-01 
4.999999999999999e-01 4.999999999999999e-01 6.913417161825448e-01 4.999999999999999e-01 8.535533905932737e-01 
4.999999999999999e-01 4.999999999999999e-01 9.619397662556434e-01 4.999999999999999e-01 8.535533905932737e-01 
1.464466094067262e-01 4.999999999999999e-01 4.999999999999999e-01 1.464466094067262e-01 1.464466094067262e-01 
8.535533905932737e-01 4.999999999999999e-01 4.999999999999999e-01 1.464466094067262e-01 1.464466094067262e-01 
1.464466094067262e-01 4.999999999999999e-01 4.999999999999999e-01 8.535533905932737e-01 1.464466094067262e-01 
8.535533905932737e-01 4.999999999999999e-01 4.999999999999999e-01 8.535533905932737e-01 1.464466094067262e-01 
1.464466094067262e-01 4.999999999999999e-01 4.999999999999999e-01 1.464466094067262e-01 8.535533905932737e-01 
8.535533905932737e-01 4.999999999999999e-01 4.999999999999999e-01 1.464466094067262e-01 8.535533905932737e-01 
1.464466094067262e-01 4.999999999999999e-01 4.999999999999999e-01 8.535533905932737e-01 8.535533905932737e-01 
8.535533905932737e-01 4.999999999999999e-01 4.999999999999999e-01 8.535533905932737e-01 8.535533905932737e-01 
4.999999999999999e-01 1.464466094067262e-01 4.999999999999999e-01 1.464466094067262e-01 1.464466094067262e-01 
4.999999999999999e-01 8.535533905932737e-01 4.999999999999999e-01 1.464466094067262e-01 1.464466094067262e-01 
4.999999999999999e-01 1.464466094067262e-01 4.999999999999999e-01 8.535533905932737e-01 1.464466094067262e-01 
4.999999999999999e-01 8.535533905932737e-01 4.999999999999999e-01 8.535533905932737e-01 1.464466094067262e-01 
4.999999999999999e-01 1.464466094067262e-01 4.999999999999999e-01 1.464466094067262e-01 8.535533905932737e-01 
4.999999999999999e-01 8.535533905932737e-01 4.999999999999999e-01 1.464466094067262e-01 8.535533905932737e-01 
4.999999999999999e-01 1.464466094067262e-01 4.999999999999999e-01 8.535533905932737e-01 8.535533905932737e-01 
4.999999999999999e-01 8.535533905932737e-01 4.999999999999999e-01 8.535533905932737e-01 8.535533905932737e-01 
4.999999999999999e-01 4.999999999999999e-01 1.464466094067262e-01 1.464466094067262e-01 1.464466094067262e-01 
4.999999999999999e-01 4.999999999999999e-01 8.535533905932737e-01 1.464466094067262e-01 1.464466094067262e-01 
4.999999999999999e-01 4.999999999999999e-01 1.464466094067262e-01 8.535533905932737e-01 1.464466094067262e-01 
4.999999999999999e-01 4.999999999999999e-01 8.535533905932737e-01 8.535533905932737e-01 1.464466094067262e-01 
4.999999999999999e-01 4.999999999999999e-01 1.464466094067262e-01 1.464466094067262e-01 8.535533905932737e-01 
4.999999999999999e-01 4.999999999999999e-01 8.535533905932737e-01 1.464466094067262e-01 8.535533905932737e-01 
4.999999999999999e-01 4.999999999999999e-01 1.464466094067262e-01 8.535533905932737e-01 8.535533905932737e-01 
4.999999999999999e-01 4.999999999999999e-01 8.535533905932737e-01 8.535533905932737e-01 8.535533905932737e-01 
4.999999999999999e-01 4.999999999999999e-01 4.999999999999999e-01 3.806023374435663e-02 1.464466094067262e-01 
4.999999999999999e-01 4.999999999999999e-01 4.999999999999999e-01 3.086582838174551e-01 1.464466094067262e-01 
4.999999999999999e-01 4.999999999999999e-01 4.999999999999999e-01 6.913417161825448e-01 1.464466094067262e-01 
4.999999999999999e-01 4.999999999999999e-01 4.999999999999999e-01 9.619397662556434e-01 1.464466094067262e-01 
4.999999999999999e-01 4.999999999999999e-01 4.999999999999999e-01 3.806023374435663e-02 8.535533905932737e-01 
4.999999999999999e-01 4.999999999999999e-01 4.999999999999999e-01 3.086582838174551e-01 8.535533905932737e-01 
4.999999999999999e-01 4.999999999999999e-01 4.999999999999999e-01 6.913417161825448e-01 8.535533905932737e-01 
4.999999999999999e-01 4.999999999999999e-01 4.999999999999999e-01 9.619397662556434e-01 8.535533905932737e-01 
1.464466094067262e-01 4.999999999999999e-01 4.999999999999999e-01 4.999999999999999e-01 3.806023374435663e-02 
8.535533905932737e-01 4.999999999999999e-01 4.999999999999999e-01 4.999999999999999e-01 3.806023374435663e-02 
1.464466094067262e-01 4.999999999999999e-01 4.999999999999999e-01 4.999999999999999e-01 3.086582838174551e-01 
1.464466094067262e-01 4.999999999999999e-01 4.999999999999999e-01 4.999999999999999e-01 6.913417161825448e-01 
1.464466094067262e-01 4.999999999999999e-01 4.999999999999999e-01 4.999999999999999e-01 9.619397662556434e-01 
8.535533905932737e-01 4.999999999999999e-01 4.999999999999999e-01 4.999999999999999e-01 3.086582838174551e-01 
8.535533905932737e-01 4.999999999999999e-01 4.999999999999999e-01 4.999999999999999e-01 6.913417161825448e-01 
8.535533905932737e-01 4.999999999999999e-01 4.999999999999999e-01 4.999999999999999e-01 9.619397662556434e-01 
4.999999999999999e-01 1.464466094067262e-01 4.999999999999999e-01 4.999999999999999e-01 3.806023374435663e-02 
4.999999999999999e-01 8.535533905932737e-01 4.999999999999999e-01 4.999999999999999e-01 3.806023374435663e-02 
4.999999999999999e-01 1.464466094067262e-01 4.999999999999999e-01 4.999999999999999e-01 3.086582838174551e-01 
4.999999999999999e-01 1.464466094067262e-01 4.999999999999999e-01 4.999999999999999e-01 6.913417161825448e-01 
4.999999999999999e-01 1.464466094067262e-01 4.999999999999999e-01 4.999999999999999e-01 9.619397662556434e-01 
4.999999999999999e-01 8.535533905932737e-01 4.999999999999999e-01 4.999999999999999e-01 3.086582838174551e-01 
4.999999999999999e-01 8.535533905932737e-01 4.999999999999999e-01 4.999999999999999e-01 6.913417161825448e-01 
4.999999999999999e-01 8.535533905932737e-01 4.999999999999999e-01 4.999999999999999e-01 9.619397662556434e-01 
4.999999999999999e-01 4.999999999999999e-01 1.464466094067262e-01 4.999999999999999e-01 3.806023374435663e-02 
4.999999999999999e-01 4.999999999999999e-01 8.535533905932737e-01 4.999999999999999e-01 3.806023374435663e-02 
4.999999999999999e-01 4.999999999999999e-01 1.464466094067262e-01 4.999999999999999e-01 3.086582838174551e-01 
4.999999999999999e-01 4.999999999999999e-01 1.464466094067262e-01 4.999999999999999e-01 6.913417161825448e-01 
4.999999999999999e-01 4.999999999999999e-01 1.464466094067262e-01 4.999999999999999e-01 9.619397662556434e-01 
4.999999999999999e-01 4.999999999999999e-01 8.535533905932737e-01 4.999999999999999e-01 3.086582838174551e-01 
4.999999999999999e-01 4.999999999999999e-01 8.535533905932737e-01 4.999999999999999e-01 6.913417161825448e-01 
4.999999999999999e-01 4.999999999999999e-01 8.535533905932737e-01 4.999999999999999e-01 9.619397662556434e-01 
4.999999999999999e-01 4.999999999999999e-01 4.999999999999999e-01 1.464466094067262e-01 3.806023374435663e-02 
4.999999999999999e-01 4.999999999999999e-01 4.999999999999999e-01 8.535533905932737e-01 3.806023374435663e-02 
4.999999999999999e-01 4.999999999999999e-01 4.999999999999999e-01 1.464466094067262e-01 3.086582838174551e-01 
4.999999999999999e-01 4.999999999999999e-01 4.999999999999999e-01 1.464466094067262e-01 6.913417161825448e-01 
4.999999999999999e-01 4.999999999999999e-01 4.999999999999999e-01 1.464466094067262e-01 9.619397662556434e-01 
4.999999999999999e-01 4.999999999999999e-01 4.999999999999999e-01 8.535533905932737e-01 3.086582838174551e-01 
4.999999999999999e-01 4.999999999999999e-01 4.999999999999999e-01 8.535533905932737e-01 6.913417161825448e-01 
4.999999999999999e-01 4.999999999999999e-01 4.999999999999999e-01 8.535533905932737e-01 9.619397662556434e-01 
4.999999999999999e-01 4.999999999999999e-01 4.999999999999999e-01 4.999999999999999e-01 9.607359798384785e-03 
4.999999999999999e-01 4.999999999999999e-01 4.999999999999999e-01 4.999999999999999e-01 8.426519384872738e-02 
4.999999999999999e-01 4.999999999999999e-01 4.999999999999999e-01 4.999999999999999e-01 2.222148834901989e-01 
4.999999999999999e-01 4.999999999999999e-01 4.999999999999999e-01 4.999999999999999e-01 4.024548389919358e-01 
4.999999999999999e-01 4.999999999999999e-01 4.999999999999999e-01 4.999999999999999e-01 5.975451610080641e-01 
4.999999999999999e-01 4.999999999999999e-01 4.999999999999999e-01 4.999999999999999e-01 7.777851165098010e-01 
4.999999999999999e-01 4.999999999999999e-01 4.999999999999999e-01 4.999999999999999e-01 9.157348061512727e-01 
4.999999999999999e-01 4.999999999999999e-01 4.999999999999999e-01 4.999999999999999e-01 9.903926402016152e-01 
